Vertex Count: 990

Data:

7.9658 38.9923 12.6154 0.0542 0.8518 0.9025 0.3298 -0.2772
11.4981 32.1691 15.9849 0.0478 0.878 0.9022 0.3299 -0.2778
11.5351 24.1989 6.6387 0.0044 0.8783 0.9025 0.3297 -0.277
11.5351 24.1989 6.6387 0.0044 0.8783 0.9025 0.3297 -0.277
7.9664 32.5325 4.9166 0.0187 0.8518 0.9028 0.3295 -0.2764
7.9658 38.9923 12.6154 0.0542 0.8518 0.9025 0.3298 -0.2772
-73.7344 -28.5264 -89.0713 0.0564 0.6888 -0.0108 -0.7772 0.6292
-81.9033 -25.3087 -85.2366 0.0479 0.7215 -0.0106 -0.777 0.6294
-79.9443 -28.5964 -89.5324 0.0396 0.703 -0.0353 -0.8013 0.5972
-79.9443 -28.5964 -89.5324 0.0396 0.703 -0.0353 -0.8013 0.5972
-79.4388 -28.7954 -89.7697 0.0401 0.701 -0.0353 -0.8013 0.5972
-73.7344 -28.5264 -89.0713 0.0564 0.6888 -0.0108 -0.7772 0.6292
-44.3489 4.6916 -49.4837 0.2579 0.748 -0.0006 -0.7667 0.642
-50.6717 7.1821 -46.5156 0.2514 0.7734 -0.0006 -0.7667 0.642
-81.9033 -25.3087 -85.2366 0.0479 0.7215 -0.0106 -0.777 0.6294
-81.9033 -25.3087 -85.2366 0.0479 0.7215 -0.0106 -0.777 0.6294
-73.7344 -28.5264 -89.0713 0.0564 0.6888 -0.0108 -0.7772 0.6292
-44.3489 4.6916 -49.4837 0.2579 0.748 -0.0006 -0.7667 0.642
-26.4567 23.5788 -26.8486 0.3758 0.779 -0.0006 -0.7667 0.642
-32.8221 26.0862 -23.8604 0.3692 0.8046 -0.0006 -0.7667 0.642
-50.6717 7.1821 -46.5156 0.2514 0.7734 -0.0006 -0.7667 0.642
-50.6717 7.1821 -46.5156 0.2514 0.7734 -0.0006 -0.7667 0.642
-44.3489 4.6916 -49.4837 0.2579 0.748 -0.0006 -0.7667 0.642
-26.4567 23.5788 -26.8486 0.3758 0.779 -0.0006 -0.7667 0.642
-11.7354 39.84 -7.4692 0.4754 0.8072 0 -0.766 0.6428
-16.9649 41.8999 -5.0144 0.4699 0.8282 0 -0.766 0.6428
-32.8221 26.0862 -23.8604 0.3692 0.8046 -0.0006 -0.7667 0.642
-32.8221 26.0862 -23.8604 0.3692 0.8046 -0.0006 -0.7667 0.642
-26.4567 23.5788 -26.8486 0.3758 0.779 -0.0006 -0.7667 0.642
-11.7354 39.84 -7.4692 0.4754 0.8072 0 -0.766 0.6428
-6.845 44.1059 -2.3853 0.5041 0.8121 0 -0.766 0.6428
-13.2718 46.6375 0.6317 0.4974 0.8379 0 -0.766 0.6428
-16.9649 41.8999 -5.0144 0.4699 0.8282 0 -0.766 0.6428
-16.9649 41.8999 -5.0144 0.4699 0.8282 0 -0.766 0.6428
-11.7354 39.84 -7.4692 0.4754 0.8072 0 -0.766 0.6428
-6.845 44.1059 -2.3853 0.5041 0.8121 0 -0.766 0.6428
8.0153 60.3124 16.9287 0.6038 0.8397 0 -0.766 0.6428
2.4465 62.5059 19.5429 0.598 0.862 0 -0.766 0.6428
-13.2718 46.6375 0.6317 0.4974 0.8379 0 -0.766 0.6428
-13.2718 46.6375 0.6317 0.4974 0.8379 0 -0.766 0.6428
-6.845 44.1059 -2.3853 0.5041 0.8121 0 -0.766 0.6428
8.0153 60.3124 16.9287 0.6038 0.8397 0 -0.766 0.6428
20.7513 72.0663 30.9366 0.681 0.8549 0.0005 -0.7655 0.6434
12.9574 75.1363 34.5953 0.6729 0.8862 0.0005 -0.7655 0.6434
2.4465 62.5059 19.5429 0.598 0.862 0 -0.766 0.6428
2.4465 62.5059 19.5429 0.598 0.862 0 -0.766 0.6428
8.0153 60.3124 16.9287 0.6038 0.8397 0 -0.766 0.6428
20.7513 72.0663 30.9366 0.681 0.8549 0.0005 -0.7655 0.6434
65.4076 116.479 83.6303 0.9638 0.9205 0.012 -0.7532 0.6576
58.3791 119.248 86.9297 0.9565 0.9487 0.0117 -0.7536 0.6573
12.9574 75.1363 34.5953 0.6729 0.8862 0.0005 -0.7655 0.6434
12.9574 75.1363 34.5953 0.6729 0.8862 0.0005 -0.7655 0.6434
20.7513 72.0663 30.9366 0.681 0.8549 0.0005 -0.7655 0.6434
65.4076 116.479 83.6303 0.9638 0.9205 0.012 -0.7532 0.6576
63.0832 119.103 86.4633 0.9673 0.936 0.0475 -0.7131 0.6995
62.871 119.187 86.563 0.9671 0.9368 0.0475 -0.7131 0.6995
58.3791 119.248 86.9297 0.9565 0.9487 0.0117 -0.7536 0.6573
58.3791 119.248 86.9297 0.9565 0.9487 0.0117 -0.7536 0.6573
65.4076 116.479 83.6303 0.9638 0.9205 0.012 -0.7532 0.6576
63.0832 119.103 86.4633 0.9673 0.936 0.0475 -0.7131 0.6995
-73.7344 -28.1117 -89.4193 0.0656 0.6667 -0.0108 0.7546 -0.6561
-79.4388 -28.7527 -89.8055 0.0494 0.6789 -0.0353 0.7273 -0.6854
-79.9443 -28.5536 -89.5683 0.0473 0.6789 -0.0353 0.7273 -0.6854
-79.9443 -28.5536 -89.5683 0.0473 0.6789 -0.0353 0.7273 -0.6854
-81.9033 -24.894 -85.5845 0.0318 0.6658 -0.0106 0.7548 -0.6559
-73.7344 -28.1117 -89.4193 0.0656 0.6667 -0.0108 0.7546 -0.6561
-44.3489 5.1063 -49.8316 0.0642 0.4566 -0.0006 0.7654 -0.6436
-73.7344 -28.1117 -89.4193 0.0656 0.6667 -0.0108 0.7546 -0.6561
-81.9033 -24.894 -85.5845 0.0318 0.6658 -0.0106 0.7548 -0.6559
-81.9033 -24.894 -85.5845 0.0318 0.6658 -0.0106 0.7548 -0.6559
-50.6717 7.5968 -46.8635 0.038 0.4559 -0.0006 0.7654 -0.6436
-44.3489 5.1063 -49.8316 0.0642 0.4566 -0.0006 0.7654 -0.6436
-26.4567 24.1178 -27.3008 0.0669 0.3347 -0.0006 0.7654 -0.6436
-44.3489 5.1063 -49.8316 0.0642 0.4566 -0.0006 0.7654 -0.6436
-50.6717 7.5968 -46.8635 0.038 0.4559 -0.0006 0.7654 -0.6436
-50.6717 7.5968 -46.8635 0.038 0.4559 -0.0006 0.7654 -0.6436
-32.8221 26.6252 -24.3126 0.0405 0.334 -0.0006 0.7654 -0.6436
-26.4567 24.1178 -27.3008 0.0669 0.3347 -0.0006 0.7654 -0.6436
-11.7354 40.379 -7.9215 0.0673 0.2313 0 0.766 -0.6428
-26.4567 24.1178 -27.3008 0.0669 0.3347 -0.0006 0.7654 -0.6436
-32.8221 26.6252 -24.3126 0.0405 0.334 -0.0006 0.7654 -0.6436
-32.8221 26.6252 -24.3126 0.0405 0.334 -0.0006 0.7654 -0.6436
-16.9649 42.4389 -5.4666 0.0456 0.2307 0 0.766 -0.6428
-11.7354 40.379 -7.9215 0.0673 0.2313 0 0.766 -0.6428
-9.7472 45.8124 -4.5576 0.491 0.9409 0 0.766 -0.6428
-12.2561 43.6239 -7.1658 0.5059 0.942 0 0.766 -0.6428
-14.3542 44.4504 -6.1809 0.506 0.9507 0 0.766 -0.6428
-14.3542 44.4504 -6.1809 0.506 0.9507 0 0.766 -0.6428
-12.4596 46.8809 -3.2843 0.4911 0.9521 0 0.766 -0.6428
-9.7472 45.8124 -4.5576 0.491 0.9409 0 0.766 -0.6428
8.0153 60.8513 16.4765 0.3805 0.9359 0 0.766 -0.6428
-6.845 44.6449 -2.8376 0.4839 0.9333 0 0.766 -0.6428
-13.2718 47.1765 0.1794 0.4841 0.9599 0 0.766 -0.6428
-13.2718 47.1765 0.1794 0.4841 0.9599 0 0.766 -0.6428
2.4465 63.0449 19.0906 0.3807 0.959 0 0.766 -0.6428
8.0153 60.8513 16.4765 0.3805 0.9359 0 0.766 -0.6428
20.7513 72.6053 30.4843 0.3018 0.932 0.0005 0.7666 -0.6422
8.0153 60.8513 16.4765 0.3805 0.9359 0 0.766 -0.6428
2.4465 63.0449 19.0906 0.3807 0.959 0 0.766 -0.6428
2.4465 63.0449 19.0906 0.3807 0.959 0 0.766 -0.6428
12.9574 75.6753 34.143 0.3021 0.9643 0.0005 0.7666 -0.6422
20.7513 72.6053 30.4843 0.3018 0.932 0.0005 0.7666 -0.6422
65.4076 116.786 83.3726 0.0116 0.9272 0.012 0.7784 -0.6276
20.7513 72.6053 30.4843 0.3018 0.932 0.0005 0.7666 -0.6422
12.9574 75.6753 34.143 0.3021 0.9643 0.0005 0.7666 -0.6422
12.9574 75.6753 34.143 0.3021 0.9643 0.0005 0.7666 -0.6422
58.3791 119.555 86.6719 0.0119 0.9564 0.0117 0.7782 -0.628
65.4076 116.786 83.3726 0.0116 0.9272 0.012 0.7784 -0.6276
63.0832 119.12 86.4489 0.0044 0.9414 0.0475 0.8127 -0.5808
65.4076 116.786 83.3726 0.0116 0.9272 0.012 0.7784 -0.6276
58.3791 119.555 86.6719 0.0119 0.9564 0.0117 0.7782 -0.628
58.3791 119.555 86.6719 0.0119 0.9564 0.0117 0.7782 -0.628
62.871 119.204 86.5486 0.0044 0.9423 0.0475 0.8127 -0.5808
63.0832 119.12 86.4489 0.0044 0.9414 0.0475 0.8127 -0.5808
-79.4388 -28.7812 -89.7816 0.0062 0.807 -0.5225 -0.548 -0.6531
-79.4388 -28.7954 -89.7697 0.0062 0.8071 -0.5225 -0.548 -0.6531
-79.9443 -28.5964 -89.5324 0.0044 0.8071 -0.5225 -0.548 -0.6531
-79.9443 -28.5964 -89.5324 0.0044 0.8071 -0.5225 -0.548 -0.6531
-79.9443 -28.5821 -89.5444 0.0044 0.807 -0.5225 -0.548 -0.6531
-79.4388 -28.7812 -89.7816 0.0062 0.807 -0.5225 -0.548 -0.6531
-79.4388 -28.7669 -89.7936 0.0062 0.8069 -0.5225 -0.548 -0.6531
-79.4388 -28.7812 -89.7816 0.0062 0.807 -0.5225 -0.548 -0.6531
-79.9443 -28.5821 -89.5444 0.0044 0.807 -0.5225 -0.548 -0.6531
-79.9443 -28.5821 -89.5444 0.0044 0.807 -0.5225 -0.548 -0.6531
-79.9443 -28.5679 -89.5563 0.0044 0.8069 -0.5225 -0.548 -0.6531
-79.4388 -28.7669 -89.7936 0.0062 0.8069 -0.5225 -0.548 -0.6531
-79.4388 -28.7527 -89.8055 0.0062 0.8069 -0.5225 -0.548 -0.6531
-79.4388 -28.7669 -89.7936 0.0062 0.8069 -0.5225 -0.548 -0.6531
-79.9443 -28.5679 -89.5563 0.0044 0.8069 -0.5225 -0.548 -0.6531
-79.9443 -28.5679 -89.5563 0.0044 0.8069 -0.5225 -0.548 -0.6531
-79.9443 -28.5536 -89.5683 0.0044 0.8069 -0.5225 -0.548 -0.6531
-79.4388 -28.7527 -89.8055 0.0062 0.8069 -0.5225 -0.548 -0.6531
-73.7344 -28.3881 -89.1873 0.0264 0.8073 0.5552 -0.5346 -0.6371
-73.7344 -28.5264 -89.0713 0.0264 0.8079 0.5609 -0.5322 -0.6342
-79.4388 -28.7954 -89.7697 0.0062 0.8071 0.1231 -0.6379 -0.7602
-79.4388 -28.7954 -89.7697 0.0062 0.8071 0.1231 -0.6379 -0.7602
-79.4388 -28.7812 -89.7816 0.0062 0.807 0.1231 -0.6379 -0.7602
-73.7344 -28.3881 -89.1873 0.0264 0.8073 0.5552 -0.5346 -0.6371
-44.3489 4.8299 -49.5997 0.6324 0.00880003 0.8622 -0.3256 -0.3881
-44.3489 4.6916 -49.4837 0.6324 0.00819999 0.8622 -0.3256 -0.3881
-73.7344 -28.5264 -89.0713 0.8151 0.00819999 0.5609 -0.5322 -0.6342
-73.7344 -28.5264 -89.0713 0.8151 0.00819999 0.5609 -0.5322 -0.6342
-73.7344 -28.3881 -89.1873 0.8151 0.00880003 0.5552 -0.5346 -0.6371
-44.3489 4.8299 -49.5997 0.6324 0.00880003 0.8622 -0.3256 -0.3881
-26.4567 23.7585 -26.9993 0.5282 0.00870001 0.8596 -0.3284 -0.3914
-26.4567 23.5788 -26.8486 0.5282 0.0079 0.8596 -0.3284 -0.3914
-44.3489 4.6916 -49.4837 0.6324 0.00819999 0.8622 -0.3256 -0.3881
-44.3489 4.6916 -49.4837 0.6324 0.00819999 0.8622 -0.3256 -0.3881
-44.3489 4.8299 -49.5997 0.6324 0.00880003 0.8622 -0.3256 -0.3881
-26.4567 23.7585 -26.9993 0.5282 0.00870001 0.8596 -0.3284 -0.3914
-11.7354 40.0197 -7.62 0.4388 0.00870001 0.8359 -0.3528 -0.4205
-11.7354 39.84 -7.4692 0.4388 0.0079 0.8359 -0.3528 -0.4205
-26.4567 23.5788 -26.8486 0.5282 0.0079 0.8596 -0.3284 -0.3914
-26.4567 23.5788 -26.8486 0.5282 0.0079 0.8596 -0.3284 -0.3914
-26.4567 23.7585 -26.9993 0.5282 0.00870001 0.8596 -0.3284 -0.3914
-11.7354 40.0197 -7.62 0.4388 0.00870001 0.8359 -0.3528 -0.4205
-6.845 44.2856 -2.536 0.4153 0.00870001 0.8344 -0.3543 -0.4222
-6.845 44.1059 -2.3853 0.4153 0.0079 0.8344 -0.3543 -0.4222
-11.7354 39.84 -7.4692 0.4388 0.0079 0.8359 -0.3528 -0.4205
-11.7354 39.84 -7.4692 0.4388 0.0079 0.8359 -0.3528 -0.4205
-11.7354 40.0197 -7.62 0.4388 0.00870001 0.8359 -0.3528 -0.4205
-6.845 44.2856 -2.536 0.4153 0.00870001 0.8344 -0.3543 -0.4222
8.0153 60.492 16.778 0.3262 0.00870001 0.8416 -0.3471 -0.4137
8.0153 60.3124 16.9287 0.3262 0.0079 0.8416 -0.3471 -0.4137
-6.845 44.1059 -2.3853 0.4153 0.0079 0.8344 -0.3543 -0.4222
-6.845 44.1059 -2.3853 0.4153 0.0079 0.8344 -0.3543 -0.4222
-6.845 44.2856 -2.536 0.4153 0.00870001 0.8344 -0.3543 -0.4222
8.0153 60.492 16.778 0.3262 0.00870001 0.8416 -0.3471 -0.4137
20.7513 72.2459 30.7858 0.2616 0.00870001 0.83 -0.3585 -0.4272
20.7513 72.0663 30.9366 0.2616 0.0079 0.83 -0.3585 -0.4273
8.0153 60.3124 16.9287 0.3262 0.0079 0.8416 -0.3471 -0.4137
8.0153 60.3124 16.9287 0.3262 0.0079 0.8416 -0.3471 -0.4137
8.0153 60.492 16.778 0.3262 0.00870001 0.8416 -0.3471 -0.4137
20.7513 72.2459 30.7858 0.2616 0.00870001 0.83 -0.3585 -0.4272
65.4076 116.582 83.5444 0.018 0.00889999 0.9999 -0.0105 -0.0125
65.4076 116.479 83.6303 0.018 0.00840002 0.9997 -0.0162 -0.0193
20.7513 72.0663 30.9366 0.2616 0.0079 0.83 -0.3585 -0.4273
20.7513 72.0663 30.9366 0.2616 0.0079 0.83 -0.3585 -0.4273
20.7513 72.2459 30.7858 0.2616 0.00870001 0.83 -0.3585 -0.4272
65.4076 116.582 83.5444 0.018 0.00889999 0.9999 -0.0105 -0.0125
63.0832 119.109 86.4585 0.0044 0.00910002 0.8565 0.3317 0.3954
63.0832 119.103 86.4633 0.0044 0.00910002 0.8565 0.3317 0.3954
65.4076 116.479 83.6303 0.018 0.00840002 0.9997 -0.0162 -0.0193
65.4076 116.479 83.6303 0.018 0.00840002 0.9997 -0.0162 -0.0193
65.4076 116.582 83.5444 0.018 0.00889999 0.9999 -0.0105 -0.0125
63.0832 119.109 86.4585 0.0044 0.00910002 0.8565 0.3317 0.3954
-73.7344 -28.2499 -89.3033 0.0264 0.8067 0.5552 -0.5346 -0.6371
-73.7344 -28.3881 -89.1873 0.0264 0.8073 0.5552 -0.5346 -0.6371
-79.4388 -28.7812 -89.7816 0.0062 0.807 0.1231 -0.6379 -0.7602
-79.4388 -28.7812 -89.7816 0.0062 0.807 0.1231 -0.6379 -0.7602
-79.4388 -28.7669 -89.7936 0.0062 0.8069 0.1231 -0.6379 -0.7602
-73.7344 -28.2499 -89.3033 0.0264 0.8067 0.5552 -0.5346 -0.6371
-44.3489 4.9681 -49.7157 0.6324 0.00940001 0.8622 -0.3256 -0.3881
-44.3489 4.8299 -49.5997 0.6324 0.00880003 0.8622 -0.3256 -0.3881
-73.7344 -28.3881 -89.1873 0.8151 0.00880003 0.5552 -0.5346 -0.6371
-73.7344 -28.3881 -89.1873 0.8151 0.00880003 0.5552 -0.5346 -0.6371
-73.7344 -28.2499 -89.3033 0.8151 0.00940001 0.5552 -0.5346 -0.6371
-44.3489 4.9681 -49.7157 0.6324 0.00940001 0.8622 -0.3256 -0.3881
-26.4567 23.9382 -27.1501 0.5282 0.00950003 0.8596 -0.3284 -0.3914
-26.4567 23.7585 -26.9993 0.5282 0.00870001 0.8596 -0.3284 -0.3914
-44.3489 4.8299 -49.5997 0.6324 0.00880003 0.8622 -0.3256 -0.3881
-44.3489 4.8299 -49.5997 0.6324 0.00880003 0.8622 -0.3256 -0.3881
-44.3489 4.9681 -49.7157 0.6324 0.00940001 0.8622 -0.3256 -0.3881
-26.4567 23.9382 -27.1501 0.5282 0.00950003 0.8596 -0.3284 -0.3914
-11.7354 40.1994 -7.7708 0.4388 0.00950003 0.8359 -0.3528 -0.4205
-11.7354 40.0197 -7.62 0.4388 0.00870001 0.8359 -0.3528 -0.4205
-26.4567 23.7585 -26.9993 0.5282 0.00870001 0.8596 -0.3284 -0.3914
-26.4567 23.7585 -26.9993 0.5282 0.00870001 0.8596 -0.3284 -0.3914
-26.4567 23.9382 -27.1501 0.5282 0.00950003 0.8596 -0.3284 -0.3914
-11.7354 40.1994 -7.7708 0.4388 0.00950003 0.8359 -0.3528 -0.4205
-6.845 44.4653 -2.6868 0.4153 0.00950003 0.8344 -0.3543 -0.4222
-6.845 44.2856 -2.536 0.4153 0.00870001 0.8344 -0.3543 -0.4222
-11.7354 40.0197 -7.62 0.4388 0.00870001 0.8359 -0.3528 -0.4205
-11.7354 40.0197 -7.62 0.4388 0.00870001 0.8359 -0.3528 -0.4205
-11.7354 40.1994 -7.7708 0.4388 0.00950003 0.8359 -0.3528 -0.4205
-6.845 44.4653 -2.6868 0.4153 0.00950003 0.8344 -0.3543 -0.4222
8.0153 60.6717 16.6272 0.3262 0.00950003 0.8416 -0.3471 -0.4137
8.0153 60.492 16.778 0.3262 0.00870001 0.8416 -0.3471 -0.4137
-6.845 44.2856 -2.536 0.4153 0.00870001 0.8344 -0.3543 -0.4222
-6.845 44.2856 -2.536 0.4153 0.00870001 0.8344 -0.3543 -0.4222
-6.845 44.4653 -2.6868 0.4153 0.00950003 0.8344 -0.3543 -0.4222
8.0153 60.6717 16.6272 0.3262 0.00950003 0.8416 -0.3471 -0.4137
20.7513 72.4257 30.635 0.2616 0.00950003 0.83 -0.3585 -0.4272
20.7513 72.2459 30.7858 0.2616 0.00870001 0.83 -0.3585 -0.4272
8.0153 60.492 16.778 0.3262 0.00870001 0.8416 -0.3471 -0.4137
8.0153 60.492 16.778 0.3262 0.00870001 0.8416 -0.3471 -0.4137
8.0153 60.6717 16.6272 0.3262 0.00950003 0.8416 -0.3471 -0.4137
20.7513 72.4257 30.635 0.2616 0.00950003 0.83 -0.3585 -0.4272
65.4076 116.684 83.4585 0.018 0.00940001 0.9999 -0.0105 -0.0125
65.4076 116.582 83.5444 0.018 0.00889999 0.9999 -0.0105 -0.0125
20.7513 72.2459 30.7858 0.2616 0.00870001 0.83 -0.3585 -0.4272
20.7513 72.2459 30.7858 0.2616 0.00870001 0.83 -0.3585 -0.4272
20.7513 72.4257 30.635 0.2616 0.00950003 0.83 -0.3585 -0.4272
65.4076 116.684 83.4585 0.018 0.00940001 0.9999 -0.0105 -0.0125
63.0832 119.115 86.4537 0.0044 0.00910002 0.8565 0.3317 0.3954
63.0832 119.109 86.4585 0.0044 0.00910002 0.8565 0.3317 0.3954
65.4076 116.582 83.5444 0.018 0.00889999 0.9999 -0.0105 -0.0125
65.4076 116.582 83.5444 0.018 0.00889999 0.9999 -0.0105 -0.0125
65.4076 116.684 83.4585 0.018 0.00940001 0.9999 -0.0105 -0.0125
63.0832 119.115 86.4537 0.0044 0.00910002 0.8565 0.3317 0.3954
-73.7344 -28.1117 -89.4193 0.0264 0.806 0.5609 -0.5322 -0.6342
-73.7344 -28.2499 -89.3033 0.0264 0.8067 0.5552 -0.5346 -0.6371
-79.4388 -28.7669 -89.7936 0.0062 0.8069 0.1231 -0.6379 -0.7602
-79.4388 -28.7669 -89.7936 0.0062 0.8069 0.1231 -0.6379 -0.7602
-79.4388 -28.7527 -89.8055 0.0062 0.8069 0.1231 -0.6379 -0.7602
-73.7344 -28.1117 -89.4193 0.0264 0.806 0.5609 -0.5322 -0.6342
-44.3489 5.1063 -49.8316 0.6324 0.0101 0.8622 -0.3256 -0.3881
-44.3489 4.9681 -49.7157 0.6324 0.00940001 0.8622 -0.3256 -0.3881
-73.7344 -28.2499 -89.3033 0.8151 0.00940001 0.5552 -0.5346 -0.6371
-73.7344 -28.2499 -89.3033 0.8151 0.00940001 0.5552 -0.5346 -0.6371
-73.7344 -28.1117 -89.4193 0.8151 0.0101 0.5609 -0.5322 -0.6342
-44.3489 5.1063 -49.8316 0.6324 0.0101 0.8622 -0.3256 -0.3881
-26.4567 24.1178 -27.3008 0.5282 0.0104 0.8596 -0.3284 -0.3914
-26.4567 23.9382 -27.1501 0.5282 0.00950003 0.8596 -0.3284 -0.3914
-44.3489 4.9681 -49.7157 0.6324 0.00940001 0.8622 -0.3256 -0.3881
-44.3489 4.9681 -49.7157 0.6324 0.00940001 0.8622 -0.3256 -0.3881
-44.3489 5.1063 -49.8316 0.6324 0.0101 0.8622 -0.3256 -0.3881
-26.4567 24.1178 -27.3008 0.5282 0.0104 0.8596 -0.3284 -0.3914
-11.7354 40.379 -7.9215 0.4388 0.0104 0.8359 -0.3528 -0.4205
-11.7354 40.1994 -7.7708 0.4388 0.00950003 0.8359 -0.3528 -0.4205
-26.4567 23.9382 -27.1501 0.5282 0.00950003 0.8596 -0.3284 -0.3914
-26.4567 23.9382 -27.1501 0.5282 0.00950003 0.8596 -0.3284 -0.3914
-26.4567 24.1178 -27.3008 0.5282 0.0104 0.8596 -0.3284 -0.3914
-11.7354 40.379 -7.9215 0.4388 0.0104 0.8359 -0.3528 -0.4205
-6.845 44.6449 -2.8376 0.4153 0.0104 0.8344 -0.3543 -0.4222
-6.845 44.4653 -2.6868 0.4153 0.00950003 0.8344 -0.3543 -0.4222
-11.7354 40.1994 -7.7708 0.4388 0.00950003 0.8359 -0.3528 -0.4205
-11.7354 40.1994 -7.7708 0.4388 0.00950003 0.8359 -0.3528 -0.4205
-11.7354 40.379 -7.9215 0.4388 0.0104 0.8359 -0.3528 -0.4205
-6.845 44.6449 -2.8376 0.4153 0.0104 0.8344 -0.3543 -0.4222
8.0153 60.8513 16.4765 0.3262 0.0104 0.8416 -0.3471 -0.4137
8.0153 60.6717 16.6272 0.3262 0.00950003 0.8416 -0.3471 -0.4137
-6.845 44.4653 -2.6868 0.4153 0.00950003 0.8344 -0.3543 -0.4222
-6.845 44.4653 -2.6868 0.4153 0.00950003 0.8344 -0.3543 -0.4222
-6.845 44.6449 -2.8376 0.4153 0.0104 0.8344 -0.3543 -0.4222
8.0153 60.8513 16.4765 0.3262 0.0104 0.8416 -0.3471 -0.4137
20.7513 72.6053 30.4843 0.2616 0.0104 0.83 -0.3585 -0.4273
20.7513 72.4257 30.635 0.2616 0.00950003 0.83 -0.3585 -0.4272
8.0153 60.6717 16.6272 0.3262 0.00950003 0.8416 -0.3471 -0.4137
8.0153 60.6717 16.6272 0.3262 0.00950003 0.8416 -0.3471 -0.4137
8.0153 60.8513 16.4765 0.3262 0.0104 0.8416 -0.3471 -0.4137
20.7513 72.6053 30.4843 0.2616 0.0104 0.83 -0.3585 -0.4273
65.4076 116.786 83.3726 0.018 0.00980002 0.9997 -0.0162 -0.0193
65.4076 116.684 83.4585 0.018 0.00940001 0.9999 -0.0105 -0.0125
20.7513 72.4257 30.635 0.2616 0.00950003 0.83 -0.3585 -0.4272
20.7513 72.4257 30.635 0.2616 0.00950003 0.83 -0.3585 -0.4272
20.7513 72.6053 30.4843 0.2616 0.0104 0.83 -0.3585 -0.4273
65.4076 116.786 83.3726 0.018 0.00980002 0.9997 -0.0162 -0.0193
63.0832 119.12 86.4489 0.0044 0.00919998 0.8565 0.3317 0.3954
63.0832 119.115 86.4537 0.0044 0.00910002 0.8565 0.3317 0.3954
65.4076 116.684 83.4585 0.018 0.00940001 0.9999 -0.0105 -0.0125
65.4076 116.684 83.4585 0.018 0.00940001 0.9999 -0.0105 -0.0125
65.4076 116.786 83.3726 0.018 0.00980002 0.9997 -0.0162 -0.0193
63.0832 119.12 86.4489 0.0044 0.00919998 0.8565 0.3317 0.3954
62.871 119.193 86.5581 0.0364 0.8229 0.5225 0.548 0.6531
62.871 119.187 86.563 0.0364 0.8229 0.5225 0.548 0.6531
63.0832 119.103 86.4633 0.0357 0.8229 0.5225 0.548 0.6531
63.0832 119.103 86.4633 0.0357 0.8229 0.5225 0.548 0.6531
63.0832 119.109 86.4585 0.0357 0.8229 0.5225 0.548 0.6531
62.871 119.193 86.5581 0.0364 0.8229 0.5225 0.548 0.6531
62.871 119.198 86.5534 0.0364 0.8228 0.5225 0.548 0.6531
62.871 119.193 86.5581 0.0364 0.8229 0.5225 0.548 0.6531
63.0832 119.109 86.4585 0.0357 0.8229 0.5225 0.548 0.6531
63.0832 119.109 86.4585 0.0357 0.8229 0.5225 0.548 0.6531
63.0832 119.115 86.4537 0.0357 0.8228 0.5225 0.548 0.6531
62.871 119.198 86.5534 0.0364 0.8228 0.5225 0.548 0.6531
62.871 119.204 86.5486 0.0364 0.8228 0.5225 0.548 0.6531
62.871 119.198 86.5534 0.0364 0.8228 0.5225 0.548 0.6531
63.0832 119.115 86.4537 0.0357 0.8228 0.5225 0.548 0.6531
63.0832 119.115 86.4537 0.0357 0.8228 0.5225 0.548 0.6531
63.0832 119.12 86.4489 0.0357 0.8228 0.5225 0.548 0.6531
62.871 119.204 86.5486 0.0364 0.8228 0.5225 0.548 0.6531
58.3791 119.35 86.8438 0.0523 0.8231 -0.4412 0.5768 0.6874
58.3791 119.248 86.9297 0.0523 0.8236 -0.4486 0.5745 0.6847
62.871 119.187 86.563 0.0364 0.8229 0.071 0.6412 0.7641
62.871 119.187 86.563 0.0364 0.8229 0.071 0.6412 0.7641
62.871 119.193 86.5581 0.0364 0.8229 0.071 0.6412 0.7641
58.3791 119.35 86.8438 0.0523 0.8231 -0.4412 0.5768 0.6874
12.9574 75.316 34.4445 0.2463 0.9752 -0.8585 0.3297 0.3929
12.9574 75.1363 34.5953 0.2463 0.976 -0.8585 0.3297 0.3929
58.3791 119.248 86.9297 0.0044 0.9755 -0.4486 0.5745 0.6847
58.3791 119.248 86.9297 0.0044 0.9755 -0.4486 0.5745 0.6847
58.3791 119.35 86.8438 0.0044 0.975 -0.4412 0.5768 0.6874
12.9574 75.316 34.4445 0.2463 0.9752 -0.8585 0.3297 0.3929
2.4465 62.6855 19.3921 0.3158 0.9752 -0.8633 0.3244 0.3866
2.4465 62.5059 19.5429 0.3158 0.976 -0.8633 0.3244 0.3866
12.9574 75.1363 34.5953 0.2463 0.976 -0.8585 0.3297 0.3929
12.9574 75.1363 34.5953 0.2463 0.976 -0.8585 0.3297 0.3929
12.9574 75.316 34.4445 0.2463 0.9752 -0.8585 0.3297 0.3929
2.4465 62.6855 19.3921 0.3158 0.9752 -0.8633 0.3244 0.3866
-13.2718 46.8171 0.4809 0.403 0.9752 -0.8699 0.317 0.3778
-13.2718 46.6375 0.6317 0.403 0.976 -0.8699 0.317 0.3778
2.4465 62.5059 19.5429 0.3158 0.976 -0.8633 0.3244 0.3866
2.4465 62.5059 19.5429 0.3158 0.976 -0.8633 0.3244 0.3866
2.4465 62.6855 19.3921 0.3158 0.9752 -0.8633 0.3244 0.3866
-13.2718 46.8171 0.4809 0.403 0.9752 -0.8699 0.317 0.3778
-16.9649 42.0795 -5.1651 0.4291 0.9752 -0.8686 0.3186 0.3797
-16.9649 41.8999 -5.0144 0.4291 0.976 -0.8686 0.3186 0.3797
-13.2718 46.6375 0.6317 0.403 0.976 -0.8699 0.317 0.3778
-13.2718 46.6375 0.6317 0.403 0.976 -0.8699 0.317 0.3778
-13.2718 46.8171 0.4809 0.403 0.9752 -0.8699 0.317 0.3778
-16.9649 42.0795 -5.1651 0.4291 0.9752 -0.8686 0.3186 0.3797
-32.8221 26.2659 -24.0111 0.516 0.9752 -0.8482 0.3405 0.4058
-32.8221 26.0862 -23.8604 0.516 0.976 -0.8482 0.3405 0.4058
-16.9649 41.8999 -5.0144 0.4291 0.976 -0.8686 0.3186 0.3797
-16.9649 41.8999 -5.0144 0.4291 0.976 -0.8686 0.3186 0.3797
-16.9649 42.0795 -5.1651 0.4291 0.9752 -0.8686 0.3186 0.3797
-32.8221 26.2659 -24.0111 0.516 0.9752 -0.8482 0.3405 0.4058
-50.6717 7.3204 -46.6316 0.6203 0.9751 -0.8532 0.3353 0.3996
-50.6717 7.1821 -46.5156 0.6203 0.9758 -0.8532 0.3353 0.3996
-32.8221 26.0862 -23.8604 0.516 0.976 -0.8482 0.3405 0.4058
-32.8221 26.0862 -23.8604 0.516 0.976 -0.8482 0.3405 0.4058
-32.8221 26.2659 -24.0111 0.516 0.9752 -0.8482 0.3405 0.4058
-50.6717 7.3204 -46.6316 0.6203 0.9751 -0.8532 0.3353 0.3996
-81.9033 -25.1704 -85.3526 0.7989 0.9751 -0.9947 0.066 0.0787
-81.9033 -25.3087 -85.2366 0.7989 0.9758 -0.994 0.0702 0.0837
-50.6717 7.1821 -46.5156 0.6203 0.9758 -0.8532 0.3353 0.3996
-50.6717 7.1821 -46.5156 0.6203 0.9758 -0.8532 0.3353 0.3996
-50.6717 7.3204 -46.6316 0.6203 0.9751 -0.8532 0.3353 0.3996
-81.9033 -25.1704 -85.3526 0.7989 0.9751 -0.9947 0.066 0.0787
-79.9443 -28.5821 -89.5444 0.818 0.9748 -0.9401 -0.2191 -0.2611
-79.9443 -28.5964 -89.5324 0.818 0.9749 -0.9401 -0.2191 -0.2611
-81.9033 -25.3087 -85.2366 0.7989 0.9758 -0.994 0.0702 0.0837
-81.9033 -25.3087 -85.2366 0.7989 0.9758 -0.994 0.0702 0.0837
-81.9033 -25.1704 -85.3526 0.7989 0.9751 -0.9947 0.066 0.0787
-79.9443 -28.5821 -89.5444 0.818 0.9748 -0.9401 -0.2191 -0.2611
58.3791 119.452 86.7579 0.0523 0.8226 -0.4412 0.5768 0.6874
58.3791 119.35 86.8438 0.0523 0.8231 -0.4412 0.5768 0.6874
62.871 119.193 86.5581 0.0364 0.8229 0.071 0.6412 0.7641
62.871 119.193 86.5581 0.0364 0.8229 0.071 0.6412 0.7641
62.871 119.198 86.5534 0.0364 0.8228 0.071 0.6412 0.7641
58.3791 119.452 86.7579 0.0523 0.8226 -0.4412 0.5768 0.6874
12.9574 75.4957 34.2937 0.2463 0.9744 -0.8585 0.3297 0.3929
12.9574 75.316 34.4445 0.2463 0.9752 -0.8585 0.3297 0.3929
58.3791 119.35 86.8438 0.0044 0.975 -0.4412 0.5768 0.6874
58.3791 119.35 86.8438 0.0044 0.975 -0.4412 0.5768 0.6874
58.3791 119.452 86.7579 0.0044 0.9746 -0.4412 0.5768 0.6874
12.9574 75.4957 34.2937 0.2463 0.9744 -0.8585 0.3297 0.3929
2.4465 62.8652 19.2413 0.3158 0.9744 -0.8633 0.3244 0.3866
2.4465 62.6855 19.3921 0.3158 0.9752 -0.8633 0.3244 0.3866
12.9574 75.316 34.4445 0.2463 0.9752 -0.8585 0.3297 0.3929
12.9574 75.316 34.4445 0.2463 0.9752 -0.8585 0.3297 0.3929
12.9574 75.4957 34.2937 0.2463 0.9744 -0.8585 0.3297 0.3929
2.4465 62.8652 19.2413 0.3158 0.9744 -0.8633 0.3244 0.3866
-13.2718 46.9968 0.3301 0.403 0.9744 -0.8699 0.317 0.3778
-13.2718 46.8171 0.4809 0.403 0.9752 -0.8699 0.317 0.3778
2.4465 62.6855 19.3921 0.3158 0.9752 -0.8633 0.3244 0.3866
2.4465 62.6855 19.3921 0.3158 0.9752 -0.8633 0.3244 0.3866
2.4465 62.8652 19.2413 0.3158 0.9744 -0.8633 0.3244 0.3866
-13.2718 46.9968 0.3301 0.403 0.9744 -0.8699 0.317 0.3778
-16.9649 42.2592 -5.3159 0.4291 0.9744 -0.8686 0.3186 0.3797
-16.9649 42.0795 -5.1651 0.4291 0.9752 -0.8686 0.3186 0.3797
-13.2718 46.8171 0.4809 0.403 0.9752 -0.8699 0.317 0.3778
-13.2718 46.8171 0.4809 0.403 0.9752 -0.8699 0.317 0.3778
-13.2718 46.9968 0.3301 0.403 0.9744 -0.8699 0.317 0.3778
-16.9649 42.2592 -5.3159 0.4291 0.9744 -0.8686 0.3186 0.3797
-32.8221 26.4456 -24.1619 0.516 0.9744 -0.8482 0.3405 0.4058
-32.8221 26.2659 -24.0111 0.516 0.9752 -0.8482 0.3405 0.4058
-16.9649 42.0795 -5.1651 0.4291 0.9752 -0.8686 0.3186 0.3797
-16.9649 42.0795 -5.1651 0.4291 0.9752 -0.8686 0.3186 0.3797
-16.9649 42.2592 -5.3159 0.4291 0.9744 -0.8686 0.3186 0.3797
-32.8221 26.4456 -24.1619 0.516 0.9744 -0.8482 0.3405 0.4058
-50.6717 7.4586 -46.7475 0.6203 0.9745 -0.8532 0.3353 0.3996
-50.6717 7.3204 -46.6316 0.6203 0.9751 -0.8532 0.3353 0.3996
-32.8221 26.2659 -24.0111 0.516 0.9752 -0.8482 0.3405 0.4058
-32.8221 26.2659 -24.0111 0.516 0.9752 -0.8482 0.3405 0.4058
-32.8221 26.4456 -24.1619 0.516 0.9744 -0.8482 0.3405 0.4058
-50.6717 7.4586 -46.7475 0.6203 0.9745 -0.8532 0.3353 0.3996
-81.9033 -25.0322 -85.4686 0.7989 0.9745 -0.9947 0.066 0.0787
-81.9033 -25.1704 -85.3526 0.7989 0.9751 -0.9947 0.066 0.0787
-50.6717 7.3204 -46.6316 0.6203 0.9751 -0.8532 0.3353 0.3996
-50.6717 7.3204 -46.6316 0.6203 0.9751 -0.8532 0.3353 0.3996
-50.6717 7.4586 -46.7475 0.6203 0.9745 -0.8532 0.3353 0.3996
-81.9033 -25.0322 -85.4686 0.7989 0.9745 -0.9947 0.066 0.0787
-79.9443 -28.5679 -89.5563 0.818 0.9748 -0.9401 -0.2191 -0.2611
-79.9443 -28.5821 -89.5444 0.818 0.9748 -0.9401 -0.2191 -0.2611
-81.9033 -25.1704 -85.3526 0.7989 0.9751 -0.9947 0.066 0.0787
-81.9033 -25.1704 -85.3526 0.7989 0.9751 -0.9947 0.066 0.0787
-81.9033 -25.0322 -85.4686 0.7989 0.9745 -0.9947 0.066 0.0787
-79.9443 -28.5679 -89.5563 0.818 0.9748 -0.9401 -0.2191 -0.2611
58.3791 119.555 86.6719 0.0523 0.8222 -0.4486 0.5745 0.6847
58.3791 119.452 86.7579 0.0523 0.8226 -0.4412 0.5768 0.6874
62.871 119.198 86.5534 0.0364 0.8228 0.071 0.6412 0.7641
62.871 119.198 86.5534 0.0364 0.8228 0.071 0.6412 0.7641
62.871 119.204 86.5486 0.0364 0.8228 0.071 0.6412 0.7641
58.3791 119.555 86.6719 0.0523 0.8222 -0.4486 0.5745 0.6847
12.9574 75.6753 34.143 0.2463 0.9736 -0.8585 0.3297 0.3929
12.9574 75.4957 34.2937 0.2463 0.9744 -0.8585 0.3297 0.3929
58.3791 119.452 86.7579 0.0044 0.9746 -0.4412 0.5768 0.6874
58.3791 119.452 86.7579 0.0044 0.9746 -0.4412 0.5768 0.6874
58.3791 119.555 86.6719 0.0044 0.9741 -0.4486 0.5745 0.6847
12.9574 75.6753 34.143 0.2463 0.9736 -0.8585 0.3297 0.3929
2.4465 63.0449 19.0906 0.3158 0.9736 -0.8633 0.3244 0.3866
2.4465 62.8652 19.2413 0.3158 0.9744 -0.8633 0.3244 0.3866
12.9574 75.4957 34.2937 0.2463 0.9744 -0.8585 0.3297 0.3929
12.9574 75.4957 34.2937 0.2463 0.9744 -0.8585 0.3297 0.3929
12.9574 75.6753 34.143 0.2463 0.9736 -0.8585 0.3297 0.3929
2.4465 63.0449 19.0906 0.3158 0.9736 -0.8633 0.3244 0.3866
-13.2718 47.1765 0.1794 0.403 0.9736 -0.8699 0.317 0.3778
-13.2718 46.9968 0.3301 0.403 0.9744 -0.8699 0.317 0.3778
2.4465 62.8652 19.2413 0.3158 0.9744 -0.8633 0.3244 0.3866
2.4465 62.8652 19.2413 0.3158 0.9744 -0.8633 0.3244 0.3866
2.4465 63.0449 19.0906 0.3158 0.9736 -0.8633 0.3244 0.3866
-13.2718 47.1765 0.1794 0.403 0.9736 -0.8699 0.317 0.3778
-16.9649 42.4389 -5.4666 0.4291 0.9736 -0.8686 0.3186 0.3797
-16.9649 42.2592 -5.3159 0.4291 0.9744 -0.8686 0.3186 0.3797
-13.2718 46.9968 0.3301 0.403 0.9744 -0.8699 0.317 0.3778
-13.2718 46.9968 0.3301 0.403 0.9744 -0.8699 0.317 0.3778
-13.2718 47.1765 0.1794 0.403 0.9736 -0.8699 0.317 0.3778
-16.9649 42.4389 -5.4666 0.4291 0.9736 -0.8686 0.3186 0.3797
-32.8221 26.6252 -24.3126 0.516 0.9736 -0.8482 0.3405 0.4058
-32.8221 26.4456 -24.1619 0.516 0.9744 -0.8482 0.3405 0.4058
-16.9649 42.2592 -5.3159 0.4291 0.9744 -0.8686 0.3186 0.3797
-16.9649 42.2592 -5.3159 0.4291 0.9744 -0.8686 0.3186 0.3797
-16.9649 42.4389 -5.4666 0.4291 0.9736 -0.8686 0.3186 0.3797
-32.8221 26.6252 -24.3126 0.516 0.9736 -0.8482 0.3405 0.4058
-50.6717 7.5968 -46.8635 0.6203 0.9738 -0.8532 0.3353 0.3996
-50.6717 7.4586 -46.7475 0.6203 0.9745 -0.8532 0.3353 0.3996
-32.8221 26.4456 -24.1619 0.516 0.9744 -0.8482 0.3405 0.4058
-32.8221 26.4456 -24.1619 0.516 0.9744 -0.8482 0.3405 0.4058
-32.8221 26.6252 -24.3126 0.516 0.9736 -0.8482 0.3405 0.4058
-50.6717 7.5968 -46.8635 0.6203 0.9738 -0.8532 0.3353 0.3996
-81.9033 -24.894 -85.5845 0.7989 0.9738 -0.994 0.0702 0.0837
-81.9033 -25.0322 -85.4686 0.7989 0.9745 -0.9947 0.066 0.0787
-50.6717 7.4586 -46.7475 0.6203 0.9745 -0.8532 0.3353 0.3996
-50.6717 7.4586 -46.7475 0.6203 0.9745 -0.8532 0.3353 0.3996
-50.6717 7.5968 -46.8635 0.6203 0.9738 -0.8532 0.3353 0.3996
-81.9033 -24.894 -85.5845 0.7989 0.9738 -0.994 0.0702 0.0837
-79.9443 -28.5536 -89.5683 0.818 0.9747 -0.9401 -0.2191 -0.2611
-79.9443 -28.5679 -89.5563 0.818 0.9748 -0.9401 -0.2191 -0.2611
-81.9033 -25.0322 -85.4686 0.7989 0.9745 -0.9947 0.066 0.0787
-81.9033 -25.0322 -85.4686 0.7989 0.9745 -0.9947 0.066 0.0787
-81.9033 -24.894 -85.5845 0.7989 0.9738 -0.994 0.0702 0.0837
-79.9443 -28.5536 -89.5683 0.818 0.9747 -0.9401 -0.2191 -0.2611
-12.2561 43.6239 -7.1658 0.0196 0.7862 -0.3695 0.1541 -0.9164
-11.7354 40.379 -7.9215 0.0261 0.7962 -0.3695 0.1541 -0.9164
-16.9649 42.4389 -5.4666 0.0044 0.7962 -0.3695 0.1541 -0.9164
-16.9649 42.4389 -5.4666 0.0044 0.7962 -0.3695 0.1541 -0.9164
-14.3542 44.4504 -6.1809 0.0109 0.7862 -0.3695 0.1541 -0.9164
-12.2561 43.6239 -7.1658 0.0196 0.7862 -0.3695 0.1541 -0.9164
-9.7472 45.8124 -4.5576 0.0395 0.8431 0.5692 0.272 -0.7759
-6.845 44.6449 -2.8376 0.0318 0.8331 0.5692 0.272 -0.7759
-11.7354 40.379 -7.9215 0.0609 0.8331 0.5692 0.272 -0.7759
-11.7354 40.379 -7.9215 0.0609 0.8331 0.5692 0.272 -0.7759
-12.2561 43.6239 -7.1658 0.0544 0.8431 0.5692 0.272 -0.7759
-9.7472 45.8124 -4.5576 0.0395 0.8431 0.5692 0.272 -0.7759
-12.4596 46.8809 -3.2843 0.4911 0.9521 0.3695 0.9292 0.0073
-13.2718 47.1765 0.1794 0.4841 0.9599 0.3695 0.9292 0.0073
-6.845 44.6449 -2.8376 0.4839 0.9333 0.3695 0.9292 0.0073
-6.845 44.6449 -2.8376 0.4839 0.9333 0.3695 0.9292 0.0073
-9.7472 45.8124 -4.5576 0.491 0.9409 0.3695 0.9292 0.0073
-12.4596 46.8809 -3.2843 0.4911 0.9521 0.3695 0.9292 0.0073
-14.3542 44.4504 -6.1809 0.074 0.8683 -0.6322 0.7453 -0.2118
-16.9649 42.4389 -5.4666 0.0805 0.8783 -0.6322 0.7453 -0.2118
-13.2718 47.1765 0.1794 0.0513 0.8783 -0.6322 0.7453 -0.2118
-13.2718 47.1765 0.1794 0.0513 0.8783 -0.6322 0.7453 -0.2118
-12.4596 46.8809 -3.2843 0.059 0.8683 -0.6322 0.7453 -0.2118
-14.3542 44.4504 -6.1809 0.074 0.8683 -0.6322 0.7453 -0.2118
-135.298 89.4511 51.4129 0.9874 0.9995 -0.0185 -0.7586 0.6513
-131.669 93.2572 55.9488 0.9935 0.9757 -0.0185 -0.7586 0.6514
-135.605 92.4626 54.7231 0.9995 0.9893 -0.0587 -0.7411 0.6688
-135.605 92.4626 54.7231 0.9995 0.9893 -0.0587 -0.7411 0.6688
-135.793 92.2655 54.4881 0.9992 0.9905 -0.0587 -0.7411 0.6688
-135.298 89.4511 51.4129 0.9874 0.9995 -0.0185 -0.7586 0.6513
-62.076 59.2268 15.635 0.6885 0.9283 -0.0008 -0.7657 0.6432
-57.0392 64.51 21.9313 0.6971 0.8953 -0.0008 -0.7657 0.6432
-131.669 93.2572 55.9488 0.9935 0.9757 -0.0185 -0.7586 0.6514
-131.669 93.2572 55.9488 0.9935 0.9757 -0.0185 -0.7586 0.6514
-135.298 89.4511 51.4129 0.9874 0.9995 -0.0185 -0.7586 0.6513
-62.076 59.2268 15.635 0.6885 0.9283 -0.0008 -0.7657 0.6432
-42.5403 52.3512 7.4411 0.6134 0.9049 0 -0.766 0.6428
-38.6396 56.4428 12.3172 0.62 0.8794 0 -0.766 0.6428
-57.0392 64.51 21.9313 0.6971 0.8953 -0.0008 -0.7657 0.6432
-57.0392 64.51 21.9313 0.6971 0.8953 -0.0008 -0.7657 0.6432
-62.076 59.2268 15.635 0.6885 0.9283 -0.0008 -0.7657 0.6432
-42.5403 52.3512 7.4411 0.6134 0.9049 0 -0.766 0.6428
-17.2425 42.8885 -3.8362 0.5138 0.8768 0 -0.766 0.6428
-14.0378 46.25 0.1699 0.5193 0.8558 0 -0.766 0.6428
-38.6396 56.4428 12.3172 0.62 0.8794 0 -0.766 0.6428
-38.6396 56.4428 12.3172 0.62 0.8794 0 -0.766 0.6428
-42.5403 52.3512 7.4411 0.6134 0.9049 0 -0.766 0.6428
-17.2425 42.8885 -3.8362 0.5138 0.8768 0 -0.766 0.6428
-10.6059 39.745 -7.5825 0.4851 0.8719 0 -0.766 0.6428
-6.6675 43.8761 -2.6592 0.4918 0.8461 0 -0.766 0.6428
-14.0378 46.25 0.1699 0.5193 0.8558 0 -0.766 0.6428
-14.0378 46.25 0.1699 0.5193 0.8558 0 -0.766 0.6428
-17.2425 42.8885 -3.8362 0.5138 0.8768 0 -0.766 0.6428
-10.6059 39.745 -7.5825 0.4851 0.8719 0 -0.766 0.6428
14.6068 30.1931 -18.966 0.3854 0.8443 0 -0.766 0.6428
18.0194 33.7726 -14.7001 0.3912 0.8219 0 -0.766 0.6428
-6.6675 43.8761 -2.6592 0.4918 0.8461 0 -0.766 0.6428
-6.6675 43.8761 -2.6592 0.4918 0.8461 0 -0.766 0.6428
-10.6059 39.745 -7.5825 0.4851 0.8719 0 -0.766 0.6428
14.6068 30.1931 -18.966 0.3854 0.8443 0 -0.766 0.6428
32.8927 22.0065 -28.7224 0.3082 0.829 0.0006 -0.7662 0.6426
37.6688 27.0163 -22.7519 0.3162 0.7978 0.0006 -0.7662 0.6426
18.0194 33.7726 -14.7001 0.3912 0.8219 0 -0.766 0.6428
18.0194 33.7726 -14.7001 0.3912 0.8219 0 -0.766 0.6428
14.6068 30.1931 -18.966 0.3854 0.8443 0 -0.766 0.6428
32.8927 22.0065 -28.7224 0.3082 0.829 0.0006 -0.7662 0.6426
108.31 -6.7576 -63.1756 0.0089 0.7475 0.0177 -0.7729 0.6343
113.471 -1.3444 -56.7243 0.0176 0.7137 0.018 -0.773 0.6342
37.6688 27.0163 -22.7519 0.3162 0.7978 0.0006 -0.7662 0.6426
37.6688 27.0163 -22.7519 0.3162 0.7978 0.0006 -0.7662 0.6426
32.8927 22.0065 -28.7224 0.3082 0.829 0.0006 -0.7662 0.6426
108.31 -6.7576 -63.1756 0.0089 0.7475 0.0177 -0.7729 0.6343
112.806 -4.9417 -61.3309 0.0044 0.7297 0.0702 -0.7911 0.6077
113.213 -4.5152 -60.8226 0.0051 0.7271 0.0702 -0.7911 0.6077
113.471 -1.3444 -56.7243 0.0176 0.7137 0.018 -0.773 0.6342
113.471 -1.3444 -56.7243 0.0176 0.7137 0.018 -0.773 0.6342
108.31 -6.7576 -63.1756 0.0089 0.7475 0.0177 -0.7729 0.6343
112.806 -4.9417 -61.3309 0.0044 0.7297 0.0702 -0.7911 0.6077
-135.298 89.7517 51.1606 0.0037 0.221 -0.0185 0.7732 -0.634
-135.793 92.2914 54.4663 0.0153 0.2117 -0.0587 0.7873 -0.6137
-135.605 92.4886 54.7013 0.0166 0.2117 -0.0587 0.7873 -0.6137
-135.605 92.4886 54.7013 0.0166 0.2117 -0.0587 0.7873 -0.6137
-131.669 93.5578 55.6966 0.0283 0.2208 -0.0185 0.7732 -0.6339
-135.298 89.7517 51.1606 0.0037 0.221 -0.0185 0.7732 -0.634
-62.076 59.7658 15.1828 0.0005 0.5282 -0.0008 0.7664 -0.6424
-135.298 89.7517 51.1606 0.0037 0.221 -0.0185 0.7732 -0.634
-131.669 93.5578 55.6966 0.0283 0.2208 -0.0185 0.7732 -0.6339
-131.669 93.5578 55.6966 0.0283 0.2208 -0.0185 0.7732 -0.6339
-57.0392 65.049 21.4791 0.0346 0.5279 -0.0008 0.7664 -0.6424
-62.076 59.7658 15.1828 0.0005 0.5282 -0.0008 0.7664 -0.6424
-42.5403 52.8902 6.9888 0.005 0.6068 0 0.766 -0.6428
-62.076 59.7658 15.1828 0.0005 0.5282 -0.0008 0.7664 -0.6424
-57.0392 65.049 21.4791 0.0346 0.5279 -0.0008 0.7664 -0.6424
-57.0392 65.049 21.4791 0.0346 0.5279 -0.0008 0.7664 -0.6424
-38.6396 56.9818 11.865 0.0314 0.6066 0 0.766 -0.6428
-42.5403 52.8902 6.9888 0.005 0.6068 0 0.766 -0.6428
-17.2425 43.4275 -4.2885 0.0083 0.7102 0 0.766 -0.6428
-42.5403 52.8902 6.9888 0.005 0.6068 0 0.766 -0.6428
-38.6396 56.9818 11.865 0.0314 0.6066 0 0.766 -0.6428
-38.6396 56.9818 11.865 0.0314 0.6066 0 0.766 -0.6428
-14.0378 46.789 -0.2824 0.03 0.71 0 0.766 -0.6428
-17.2425 43.4275 -4.2885 0.0083 0.7102 0 0.766 -0.6428
-11.173 43.6817 -7.097 0.0265 0.8355 0 0.766 -0.6428
-14.5777 45.2943 -5.1751 0.0116 0.8343 0 0.766 -0.6428
-13.292 46.6429 -3.5679 0.0115 0.8256 0 0.766 -0.6428
-13.292 46.6429 -3.5679 0.0115 0.8256 0 0.766 -0.6428
-9.5109 45.4251 -5.0193 0.0264 0.8242 0 0.766 -0.6428
-11.173 43.6817 -7.097 0.0265 0.8355 0 0.766 -0.6428
14.6068 30.7321 -19.4183 0.1078 0.9144 0 0.766 -0.6428
-10.6059 40.284 -8.0347 0.0044 0.9135 0 0.766 -0.6428
-6.6675 44.4151 -3.1114 0.0051 0.8869 0 0.766 -0.6428
-6.6675 44.4151 -3.1114 0.0051 0.8869 0 0.766 -0.6428
18.0194 34.3116 -15.1524 0.1084 0.8914 0 0.766 -0.6428
14.6068 30.7321 -19.4183 0.1078 0.9144 0 0.766 -0.6428
32.8927 22.5455 -29.1746 0.1863 0.9211 0.0006 0.7659 -0.643
14.6068 30.7321 -19.4183 0.1078 0.9144 0 0.766 -0.6428
18.0194 34.3116 -15.1524 0.1084 0.8914 0 0.766 -0.6428
18.0194 34.3116 -15.1524 0.1084 0.8914 0 0.766 -0.6428
37.6688 27.5553 -23.2042 0.1872 0.8888 0.0006 0.7659 -0.643
32.8927 22.5455 -29.1746 0.1863 0.9211 0.0006 0.7659 -0.643
108.31 -6.3895 -63.4844 0.4965 0.9252 0.0177 0.7589 -0.651
32.8927 22.5455 -29.1746 0.1863 0.9211 0.0006 0.7659 -0.643
37.6688 27.5553 -23.2042 0.1872 0.8888 0.0006 0.7659 -0.643
37.6688 27.5553 -23.2042 0.1872 0.8888 0.0006 0.7659 -0.643
113.471 -0.9763 -57.0332 0.4974 0.8903 0.018 0.7588 -0.6511
108.31 -6.3895 -63.4844 0.4965 0.9252 0.0177 0.7589 -0.651
112.806 -4.8882 -61.3758 0.5057 0.9094 0.0702 0.7358 -0.6735
108.31 -6.3895 -63.4844 0.4965 0.9252 0.0177 0.7589 -0.651
113.471 -0.9763 -57.0332 0.4974 0.8903 0.018 0.7588 -0.6511
113.471 -0.9763 -57.0332 0.4974 0.8903 0.018 0.7588 -0.6511
113.213 -4.4616 -60.8675 0.5057 0.9066 0.0702 0.7358 -0.6735
112.806 -4.8882 -61.3758 0.5057 0.9094 0.0702 0.7358 -0.6735
-135.793 92.2741 54.4808 0.029 0.8073 -0.8526 0.3359 0.4003
-135.793 92.2655 54.4881 0.029 0.8073 -0.8526 0.3359 0.4003
-135.605 92.4626 54.7231 0.0279 0.8073 -0.8526 0.3359 0.4003
-135.605 92.4626 54.7231 0.0279 0.8073 -0.8526 0.3359 0.4003
-135.605 92.4713 54.7158 0.0279 0.8073 -0.8526 0.3359 0.4003
-135.793 92.2741 54.4808 0.029 0.8073 -0.8526 0.3359 0.4003
-135.793 92.2828 54.4736 0.029 0.8072 -0.8526 0.3359 0.4003
-135.793 92.2741 54.4808 0.029 0.8073 -0.8526 0.3359 0.4003
-135.605 92.4713 54.7158 0.0279 0.8073 -0.8526 0.3359 0.4003
-135.605 92.4713 54.7158 0.0279 0.8073 -0.8526 0.3359 0.4003
-135.605 92.4799 54.7085 0.0279 0.8072 -0.8526 0.3359 0.4003
-135.793 92.2828 54.4736 0.029 0.8072 -0.8526 0.3359 0.4003
-135.793 92.2914 54.4663 0.029 0.8072 -0.8526 0.3359 0.4003
-135.793 92.2828 54.4736 0.029 0.8072 -0.8526 0.3359 0.4003
-135.605 92.4799 54.7085 0.0279 0.8072 -0.8526 0.3359 0.4003
-135.605 92.4799 54.7085 0.0279 0.8072 -0.8526 0.3359 0.4003
-135.605 92.4886 54.7013 0.0279 0.8072 -0.8526 0.3359 0.4003
-135.793 92.2914 54.4663 0.029 0.8072 -0.8526 0.3359 0.4003
-135.298 89.5513 51.3288 0.0437 0.8075 -0.8473 -0.3414 -0.4069
-135.298 89.4511 51.4129 0.0437 0.8079 -0.8436 -0.3451 -0.4113
-135.793 92.2655 54.4881 0.029 0.8073 -0.993 -0.0758 -0.0904
-135.793 92.2655 54.4881 0.029 0.8073 -0.993 -0.0758 -0.0904
-135.793 92.2741 54.4808 0.029 0.8073 -0.993 -0.0758 -0.0904
-135.298 89.5513 51.3288 0.0437 0.8075 -0.8473 -0.3414 -0.4069
-62.076 59.4065 15.4843 0.2632 0.9869 -0.5098 -0.553 -0.659
-62.076 59.2268 15.635 0.2632 0.9878 -0.5098 -0.553 -0.659
-135.298 89.4511 51.4129 0.0044 0.9872 -0.8436 -0.3451 -0.4113
-135.298 89.4511 51.4129 0.0044 0.9872 -0.8436 -0.3451 -0.4113
-135.298 89.5513 51.3288 0.0044 0.9868 -0.8473 -0.3414 -0.4069
-62.076 59.4065 15.4843 0.2632 0.9869 -0.5098 -0.553 -0.659
-42.5403 52.5309 7.2903 0.3322 0.9869 -0.4917 -0.5597 -0.6671
-42.5403 52.3512 7.4411 0.3322 0.9878 -0.4917 -0.5597 -0.6671
-62.076 59.2268 15.635 0.2632 0.9878 -0.5098 -0.553 -0.659
-62.076 59.2268 15.635 0.2632 0.9878 -0.5098 -0.553 -0.659
-62.076 59.4065 15.4843 0.2632 0.9869 -0.5098 -0.553 -0.659
-42.5403 52.5309 7.2903 0.3322 0.9869 -0.4917 -0.5597 -0.6671
-17.2425 43.0681 -3.9869 0.4217 0.9869 -0.5489 -0.5373 -0.6403
-17.2425 42.8885 -3.8362 0.4217 0.9878 -0.5489 -0.5373 -0.6403
-42.5403 52.3512 7.4411 0.3322 0.9878 -0.4917 -0.5597 -0.6671
-42.5403 52.3512 7.4411 0.3322 0.9878 -0.4917 -0.5597 -0.6671
-42.5403 52.5309 7.2903 0.3322 0.9869 -0.4917 -0.5597 -0.6671
-17.2425 43.0681 -3.9869 0.4217 0.9869 -0.5489 -0.5373 -0.6403
-10.6059 39.9247 -7.7332 0.4451 0.9869 -0.5512 -0.5363 -0.6392
-10.6059 39.745 -7.5825 0.4451 0.9878 -0.5512 -0.5363 -0.6392
-17.2425 42.8885 -3.8362 0.4217 0.9878 -0.5489 -0.5373 -0.6403
-17.2425 42.8885 -3.8362 0.4217 0.9878 -0.5489 -0.5373 -0.6403
-17.2425 43.0681 -3.9869 0.4217 0.9869 -0.5489 -0.5373 -0.6403
-10.6059 39.9247 -7.7332 0.4451 0.9869 -0.5512 -0.5363 -0.6392
14.6068 30.3727 -19.1168 0.5342 0.9869 -0.54 -0.541 -0.6447
14.6068 30.1931 -18.966 0.5342 0.9878 -0.54 -0.541 -0.6447
-10.6059 39.745 -7.5825 0.4451 0.9878 -0.5512 -0.5363 -0.6392
-10.6059 39.745 -7.5825 0.4451 0.9878 -0.5512 -0.5363 -0.6392
-10.6059 39.9247 -7.7332 0.4451 0.9869 -0.5512 -0.5363 -0.6392
14.6068 30.3727 -19.1168 0.5342 0.9869 -0.54 -0.541 -0.6447
32.8927 22.1862 -28.8731 0.5989 0.9869 -0.5418 -0.5403 -0.6439
32.8927 22.0065 -28.7224 0.5989 0.9878 -0.5418 -0.5403 -0.6439
14.6068 30.1931 -18.966 0.5342 0.9878 -0.54 -0.541 -0.6447
14.6068 30.1931 -18.966 0.5342 0.9878 -0.54 -0.541 -0.6447
14.6068 30.3727 -19.1168 0.5342 0.9869 -0.54 -0.541 -0.6447
32.8927 22.1862 -28.8731 0.5989 0.9869 -0.5418 -0.5403 -0.6439
108.31 -6.6349 -63.2785 0.8654 0.9868 -0.0079 -0.6428 -0.766
108.31 -6.7576 -63.1756 0.8654 0.9874 -0.0156 -0.6427 -0.766
32.8927 22.0065 -28.7224 0.5989 0.9878 -0.5418 -0.5403 -0.6439
32.8927 22.0065 -28.7224 0.5989 0.9878 -0.5418 -0.5403 -0.6439
32.8927 22.1862 -28.8731 0.5989 0.9869 -0.5418 -0.5403 -0.6439
108.31 -6.6349 -63.2785 0.8654 0.9868 -0.0079 -0.6428 -0.766
112.806 -4.9239 -61.3459 0.8813 0.9866 0.4978 -0.5575 -0.6644
112.806 -4.9417 -61.3309 0.8813 0.9867 0.4978 -0.5575 -0.6644
108.31 -6.7576 -63.1756 0.8654 0.9874 -0.0156 -0.6427 -0.766
108.31 -6.7576 -63.1756 0.8654 0.9874 -0.0156 -0.6427 -0.766
108.31 -6.6349 -63.2785 0.8654 0.9868 -0.0079 -0.6428 -0.766
112.806 -4.9239 -61.3459 0.8813 0.9866 0.4978 -0.5575 -0.6644
-135.298 89.6515 51.2447 0.0437 0.807 -0.8473 -0.3414 -0.4069
-135.298 89.5513 51.3288 0.0437 0.8075 -0.8473 -0.3414 -0.4069
-135.793 92.2741 54.4808 0.029 0.8073 -0.993 -0.0758 -0.0904
-135.793 92.2741 54.4808 0.029 0.8073 -0.993 -0.0758 -0.0904
-135.793 92.2828 54.4736 0.029 0.8072 -0.993 -0.0758 -0.0904
-135.298 89.6515 51.2447 0.0437 0.807 -0.8473 -0.3414 -0.4069
-62.076 59.5862 15.3335 0.2632 0.9861 -0.5098 -0.553 -0.659
-62.076 59.4065 15.4843 0.2632 0.9869 -0.5098 -0.553 -0.659
-135.298 89.5513 51.3288 0.0044 0.9868 -0.8473 -0.3414 -0.4069
-135.298 89.5513 51.3288 0.0044 0.9868 -0.8473 -0.3414 -0.4069
-135.298 89.6515 51.2447 0.0044 0.9863 -0.8473 -0.3414 -0.4069
-62.076 59.5862 15.3335 0.2632 0.9861 -0.5098 -0.553 -0.659
-42.5403 52.7106 7.1395 0.3322 0.9861 -0.4917 -0.5597 -0.6671
-42.5403 52.5309 7.2903 0.3322 0.9869 -0.4917 -0.5597 -0.6671
-62.076 59.4065 15.4843 0.2632 0.9869 -0.5098 -0.553 -0.659
-62.076 59.4065 15.4843 0.2632 0.9869 -0.5098 -0.553 -0.659
-62.076 59.5862 15.3335 0.2632 0.9861 -0.5098 -0.553 -0.659
-42.5403 52.7106 7.1395 0.3322 0.9861 -0.4917 -0.5597 -0.6671
-17.2425 43.2479 -4.1377 0.4217 0.9861 -0.5489 -0.5373 -0.6403
-17.2425 43.0681 -3.9869 0.4217 0.9869 -0.5489 -0.5373 -0.6403
-42.5403 52.5309 7.2903 0.3322 0.9869 -0.4917 -0.5597 -0.6671
-42.5403 52.5309 7.2903 0.3322 0.9869 -0.4917 -0.5597 -0.6671
-42.5403 52.7106 7.1395 0.3322 0.9861 -0.4917 -0.5597 -0.6671
-17.2425 43.2479 -4.1377 0.4217 0.9861 -0.5489 -0.5373 -0.6403
-10.6059 40.1044 -7.884 0.4451 0.9861 -0.5512 -0.5363 -0.6392
-10.6059 39.9247 -7.7332 0.4451 0.9869 -0.5512 -0.5363 -0.6392
-17.2425 43.0681 -3.9869 0.4217 0.9869 -0.5489 -0.5373 -0.6403
-17.2425 43.0681 -3.9869 0.4217 0.9869 -0.5489 -0.5373 -0.6403
-17.2425 43.2479 -4.1377 0.4217 0.9861 -0.5489 -0.5373 -0.6403
-10.6059 40.1044 -7.884 0.4451 0.9861 -0.5512 -0.5363 -0.6392
14.6068 30.5524 -19.2676 0.5342 0.9861 -0.54 -0.541 -0.6447
14.6068 30.3727 -19.1168 0.5342 0.9869 -0.54 -0.541 -0.6447
-10.6059 39.9247 -7.7332 0.4451 0.9869 -0.5512 -0.5363 -0.6392
-10.6059 39.9247 -7.7332 0.4451 0.9869 -0.5512 -0.5363 -0.6392
-10.6059 40.1044 -7.884 0.4451 0.9861 -0.5512 -0.5363 -0.6392
14.6068 30.5524 -19.2676 0.5342 0.9861 -0.54 -0.541 -0.6447
32.8927 22.3659 -29.0239 0.5989 0.9861 -0.5418 -0.5403 -0.6439
32.8927 22.1862 -28.8731 0.5989 0.9869 -0.5418 -0.5403 -0.6439
14.6068 30.3727 -19.1168 0.5342 0.9869 -0.54 -0.541 -0.6447
14.6068 30.3727 -19.1168 0.5342 0.9869 -0.54 -0.541 -0.6447
14.6068 30.5524 -19.2676 0.5342 0.9861 -0.54 -0.541 -0.6447
32.8927 22.3659 -29.0239 0.5989 0.9861 -0.5418 -0.5403 -0.6439
108.31 -6.5122 -63.3815 0.8654 0.9862 -0.0079 -0.6428 -0.766
108.31 -6.6349 -63.2785 0.8654 0.9868 -0.0079 -0.6428 -0.766
32.8927 22.1862 -28.8731 0.5989 0.9869 -0.5418 -0.5403 -0.6439
32.8927 22.1862 -28.8731 0.5989 0.9869 -0.5418 -0.5403 -0.6439
32.8927 22.3659 -29.0239 0.5989 0.9861 -0.5418 -0.5403 -0.6439
108.31 -6.5122 -63.3815 0.8654 0.9862 -0.0079 -0.6428 -0.766
112.806 -4.906 -61.3609 0.8813 0.9865 0.4978 -0.5575 -0.6644
112.806 -4.9239 -61.3459 0.8813 0.9866 0.4978 -0.5575 -0.6644
108.31 -6.6349 -63.2785 0.8654 0.9868 -0.0079 -0.6428 -0.766
108.31 -6.6349 -63.2785 0.8654 0.9868 -0.0079 -0.6428 -0.766
108.31 -6.5122 -63.3815 0.8654 0.9862 -0.0079 -0.6428 -0.766
112.806 -4.906 -61.3609 0.8813 0.9865 0.4978 -0.5575 -0.6644
-135.298 89.7517 51.1606 0.0437 0.8065 -0.8436 -0.3451 -0.4113
-135.298 89.6515 51.2447 0.0437 0.807 -0.8473 -0.3414 -0.4069
-135.793 92.2828 54.4736 0.029 0.8072 -0.993 -0.0758 -0.0904
-135.793 92.2828 54.4736 0.029 0.8072 -0.993 -0.0758 -0.0904
-135.793 92.2914 54.4663 0.029 0.8072 -0.993 -0.0758 -0.0904
-135.298 89.7517 51.1606 0.0437 0.8065 -0.8436 -0.3451 -0.4113
-62.076 59.7658 15.1828 0.2632 0.9853 -0.5098 -0.553 -0.659
-62.076 59.5862 15.3335 0.2632 0.9861 -0.5098 -0.553 -0.659
-135.298 89.6515 51.2447 0.0044 0.9863 -0.8473 -0.3414 -0.4069
-135.298 89.6515 51.2447 0.0044 0.9863 -0.8473 -0.3414 -0.4069
-135.298 89.7517 51.1606 0.0044 0.9858 -0.8436 -0.3451 -0.4113
-62.076 59.7658 15.1828 0.2632 0.9853 -0.5098 -0.553 -0.659
-42.5403 52.8902 6.9888 0.3322 0.9853 -0.4917 -0.5597 -0.6671
-42.5403 52.7106 7.1395 0.3322 0.9861 -0.4917 -0.5597 -0.6671
-62.076 59.5862 15.3335 0.2632 0.9861 -0.5098 -0.553 -0.659
-62.076 59.5862 15.3335 0.2632 0.9861 -0.5098 -0.553 -0.659
-62.076 59.7658 15.1828 0.2632 0.9853 -0.5098 -0.553 -0.659
-42.5403 52.8902 6.9888 0.3322 0.9853 -0.4917 -0.5597 -0.6671
-17.2425 43.4275 -4.2885 0.4217 0.9853 -0.5489 -0.5373 -0.6403
-17.2425 43.2479 -4.1377 0.4217 0.9861 -0.5489 -0.5373 -0.6403
-42.5403 52.7106 7.1395 0.3322 0.9861 -0.4917 -0.5597 -0.6671
-42.5403 52.7106 7.1395 0.3322 0.9861 -0.4917 -0.5597 -0.6671
-42.5403 52.8902 6.9888 0.3322 0.9853 -0.4917 -0.5597 -0.6671
-17.2425 43.4275 -4.2885 0.4217 0.9853 -0.5489 -0.5373 -0.6403
-10.6059 40.284 -8.0347 0.4451 0.9853 -0.5512 -0.5363 -0.6392
-10.6059 40.1044 -7.884 0.4451 0.9861 -0.5512 -0.5363 -0.6392
-17.2425 43.2479 -4.1377 0.4217 0.9861 -0.5489 -0.5373 -0.6403
-17.2425 43.2479 -4.1377 0.4217 0.9861 -0.5489 -0.5373 -0.6403
-17.2425 43.4275 -4.2885 0.4217 0.9853 -0.5489 -0.5373 -0.6403
-10.6059 40.284 -8.0347 0.4451 0.9853 -0.5512 -0.5363 -0.6392
14.6068 30.7321 -19.4183 0.5342 0.9853 -0.54 -0.541 -0.6447
14.6068 30.5524 -19.2676 0.5342 0.9861 -0.54 -0.541 -0.6447
-10.6059 40.1044 -7.884 0.4451 0.9861 -0.5512 -0.5363 -0.6392
-10.6059 40.1044 -7.884 0.4451 0.9861 -0.5512 -0.5363 -0.6392
-10.6059 40.284 -8.0347 0.4451 0.9853 -0.5512 -0.5363 -0.6392
14.6068 30.7321 -19.4183 0.5342 0.9853 -0.54 -0.541 -0.6447
32.8927 22.5455 -29.1746 0.5989 0.9853 -0.5418 -0.5403 -0.6439
32.8927 22.3659 -29.0239 0.5989 0.9861 -0.5418 -0.5403 -0.6439
14.6068 30.5524 -19.2676 0.5342 0.9861 -0.54 -0.541 -0.6447
14.6068 30.5524 -19.2676 0.5342 0.9861 -0.54 -0.541 -0.6447
14.6068 30.7321 -19.4183 0.5342 0.9853 -0.54 -0.541 -0.6447
32.8927 22.5455 -29.1746 0.5989 0.9853 -0.5418 -0.5403 -0.6439
108.31 -6.3895 -63.4844 0.8654 0.9857 -0.0156 -0.6427 -0.766
108.31 -6.5122 -63.3815 0.8654 0.9862 -0.0079 -0.6428 -0.766
32.8927 22.3659 -29.0239 0.5989 0.9861 -0.5418 -0.5403 -0.6439
32.8927 22.3659 -29.0239 0.5989 0.9861 -0.5418 -0.5403 -0.6439
32.8927 22.5455 -29.1746 0.5989 0.9853 -0.5418 -0.5403 -0.6439
108.31 -6.3895 -63.4844 0.8654 0.9857 -0.0156 -0.6427 -0.766
112.806 -4.8882 -61.3758 0.8813 0.9864 0.4978 -0.5575 -0.6644
112.806 -4.906 -61.3609 0.8813 0.9865 0.4978 -0.5575 -0.6644
108.31 -6.5122 -63.3815 0.8654 0.9862 -0.0079 -0.6428 -0.766
108.31 -6.5122 -63.3815 0.8654 0.9862 -0.0079 -0.6428 -0.766
108.31 -6.3895 -63.4844 0.8654 0.9857 -0.0156 -0.6427 -0.766
112.806 -4.8882 -61.3758 0.8813 0.9864 0.4978 -0.5575 -0.6644
113.213 -4.4973 -60.8375 0.0928 0.8775 0.8526 -0.3359 -0.4003
113.213 -4.5152 -60.8226 0.0928 0.8776 0.8526 -0.3359 -0.4003
112.806 -4.9417 -61.3309 0.0904 0.8776 0.8526 -0.3359 -0.4003
112.806 -4.9417 -61.3309 0.0904 0.8776 0.8526 -0.3359 -0.4003
112.806 -4.9239 -61.3459 0.0904 0.8775 0.8526 -0.3359 -0.4003
113.213 -4.4973 -60.8375 0.0928 0.8775 0.8526 -0.3359 -0.4003
113.213 -4.4795 -60.8525 0.0928 0.8774 0.8526 -0.3359 -0.4003
113.213 -4.4973 -60.8375 0.0928 0.8775 0.8526 -0.3359 -0.4003
112.806 -4.9239 -61.3459 0.0904 0.8775 0.8526 -0.3359 -0.4003
112.806 -4.9239 -61.3459 0.0904 0.8775 0.8526 -0.3359 -0.4003
112.806 -4.906 -61.3609 0.0904 0.8774 0.8526 -0.3359 -0.4003
113.213 -4.4795 -60.8525 0.0928 0.8774 0.8526 -0.3359 -0.4003
113.213 -4.4616 -60.8675 0.0928 0.8773 0.8526 -0.3359 -0.4003
113.213 -4.4795 -60.8525 0.0928 0.8774 0.8526 -0.3359 -0.4003
112.806 -4.906 -61.3609 0.0904 0.8774 0.8526 -0.3359 -0.4003
112.806 -4.906 -61.3609 0.0904 0.8774 0.8526 -0.3359 -0.4003
112.806 -4.8882 -61.3758 0.0904 0.8773 0.8526 -0.3359 -0.4003
113.213 -4.4616 -60.8675 0.0928 0.8773 0.8526 -0.3359 -0.4003
113.471 -1.2216 -56.8273 0.1111 0.8777 0.8794 0.3061 0.3648
113.471 -1.3444 -56.7243 0.1111 0.8783 0.8755 0.3106 0.3702
113.213 -4.5152 -60.8226 0.0928 0.8776 0.9988 -0.032 -0.0381
113.213 -4.5152 -60.8226 0.0928 0.8776 0.9988 -0.032 -0.0381
113.213 -4.4973 -60.8375 0.0928 0.8775 0.9988 -0.032 -0.0381
113.471 -1.2216 -56.8273 0.1111 0.8777 0.8794 0.3061 0.3648
37.6688 27.196 -22.9026 0.2723 0.9987 0.488 0.561 0.6686
37.6688 27.0163 -22.7519 0.2723 0.9995 0.488 0.561 0.6686
113.471 -1.3444 -56.7243 0.0044 0.9991 0.8755 0.3106 0.3702
113.471 -1.3444 -56.7243 0.0044 0.9991 0.8755 0.3106 0.3702
113.471 -1.2216 -56.8273 0.0044 0.9985 0.8794 0.3061 0.3648
37.6688 27.196 -22.9026 0.2723 0.9987 0.488 0.561 0.6686
18.0194 33.9522 -14.8509 0.3418 0.9987 0.5047 0.5549 0.6613
18.0194 33.7726 -14.7001 0.3418 0.9995 0.5047 0.5549 0.6613
37.6688 27.0163 -22.7519 0.2723 0.9995 0.488 0.561 0.6686
37.6688 27.0163 -22.7519 0.2723 0.9995 0.488 0.561 0.6686
37.6688 27.196 -22.9026 0.2723 0.9987 0.488 0.561 0.6686
18.0194 33.9522 -14.8509 0.3418 0.9987 0.5047 0.5549 0.6613
-6.6675 44.0558 -2.8099 0.429 0.9987 0.4932 0.5592 0.6664
-6.6675 43.8761 -2.6592 0.429 0.9995 0.4932 0.5592 0.6664
18.0194 33.7726 -14.7001 0.3418 0.9995 0.5047 0.5549 0.6613
18.0194 33.7726 -14.7001 0.3418 0.9995 0.5047 0.5549 0.6613
18.0194 33.9522 -14.8509 0.3418 0.9987 0.5047 0.5549 0.6613
-6.6675 44.0558 -2.8099 0.429 0.9987 0.4932 0.5592 0.6664
-14.0378 46.4297 0.0192 0.4551 0.9987 0.4956 0.5583 0.6654
-14.0378 46.25 0.1699 0.4551 0.9995 0.4956 0.5583 0.6654
-6.6675 43.8761 -2.6592 0.429 0.9995 0.4932 0.5592 0.6664
-6.6675 43.8761 -2.6592 0.429 0.9995 0.4932 0.5592 0.6664
-6.6675 44.0558 -2.8099 0.429 0.9987 0.4932 0.5592 0.6664
-14.0378 46.4297 0.0192 0.4551 0.9987 0.4956 0.5583 0.6654
-38.6396 56.6225 12.1665 0.542 0.9987 0.5527 0.5357 0.6384
-38.6396 56.4428 12.3172 0.542 0.9995 0.5527 0.5357 0.6384
-14.0378 46.25 0.1699 0.4551 0.9995 0.4956 0.5583 0.6654
-14.0378 46.25 0.1699 0.4551 0.9995 0.4956 0.5583 0.6654
-14.0378 46.4297 0.0192 0.4551 0.9987 0.4956 0.5583 0.6654
-38.6396 56.6225 12.1665 0.542 0.9987 0.5527 0.5357 0.6384
-57.0392 64.6897 21.7806 0.607 0.9987 0.5382 0.5417 0.6456
-57.0392 64.51 21.9313 0.607 0.9995 0.5382 0.5417 0.6456
-38.6396 56.4428 12.3172 0.542 0.9995 0.5527 0.5357 0.6384
-38.6396 56.4428 12.3172 0.542 0.9995 0.5527 0.5357 0.6384
-38.6396 56.6225 12.1665 0.542 0.9987 0.5527 0.5357 0.6384
-57.0392 64.6897 21.7806 0.607 0.9987 0.5382 0.5417 0.6456
-131.669 93.3574 55.8648 0.8708 0.9985 0.0924 0.64 0.7628
-131.669 93.2572 55.9488 0.8708 0.999 0.0992 0.6396 0.7623
-57.0392 64.51 21.9313 0.607 0.9995 0.5382 0.5417 0.6456
-57.0392 64.51 21.9313 0.607 0.9995 0.5382 0.5417 0.6456
-57.0392 64.6897 21.7806 0.607 0.9987 0.5382 0.5417 0.6456
-131.669 93.3574 55.8648 0.8708 0.9985 0.0924 0.64 0.7628
-135.605 92.4713 54.7158 0.8847 0.9983 -0.3457 0.6031 0.7188
-135.605 92.4626 54.7231 0.8847 0.9983 -0.3457 0.6031 0.7188
-131.669 93.2572 55.9488 0.8708 0.999 0.0992 0.6396 0.7623
-131.669 93.2572 55.9488 0.8708 0.999 0.0992 0.6396 0.7623
-131.669 93.3574 55.8648 0.8708 0.9985 0.0924 0.64 0.7628
-135.605 92.4713 54.7158 0.8847 0.9983 -0.3457 0.6031 0.7188
113.471 -1.0989 -56.9303 0.1111 0.8772 0.8794 0.3061 0.3648
113.471 -1.2216 -56.8273 0.1111 0.8777 0.8794 0.3061 0.3648
113.213 -4.4973 -60.8375 0.0928 0.8775 0.9988 -0.032 -0.0381
113.213 -4.4973 -60.8375 0.0928 0.8775 0.9988 -0.032 -0.0381
113.213 -4.4795 -60.8525 0.0928 0.8774 0.9988 -0.032 -0.0381
113.471 -1.0989 -56.9303 0.1111 0.8772 0.8794 0.3061 0.3648
37.6688 27.3757 -23.0534 0.2723 0.9978 0.488 0.561 0.6686
37.6688 27.196 -22.9026 0.2723 0.9987 0.488 0.561 0.6686
113.471 -1.2216 -56.8273 0.0044 0.9985 0.8794 0.3061 0.3648
113.471 -1.2216 -56.8273 0.0044 0.9985 0.8794 0.3061 0.3648
113.471 -1.0989 -56.9303 0.0044 0.998 0.8794 0.3061 0.3648
37.6688 27.3757 -23.0534 0.2723 0.9978 0.488 0.561 0.6686
18.0194 34.1319 -15.0017 0.3418 0.9978 0.5047 0.5549 0.6613
18.0194 33.9522 -14.8509 0.3418 0.9987 0.5047 0.5549 0.6613
37.6688 27.196 -22.9026 0.2723 0.9987 0.488 0.561 0.6686
37.6688 27.196 -22.9026 0.2723 0.9987 0.488 0.561 0.6686
37.6688 27.3757 -23.0534 0.2723 0.9978 0.488 0.561 0.6686
18.0194 34.1319 -15.0017 0.3418 0.9978 0.5047 0.5549 0.6613
-6.6675 44.2355 -2.9607 0.429 0.9978 0.4932 0.5592 0.6664
-6.6675 44.0558 -2.8099 0.429 0.9987 0.4932 0.5592 0.6664
18.0194 33.9522 -14.8509 0.3418 0.9987 0.5047 0.5549 0.6613
18.0194 33.9522 -14.8509 0.3418 0.9987 0.5047 0.5549 0.6613
18.0194 34.1319 -15.0017 0.3418 0.9978 0.5047 0.5549 0.6613
-6.6675 44.2355 -2.9607 0.429 0.9978 0.4932 0.5592 0.6664
-14.0378 46.6094 -0.1316 0.4551 0.9978 0.4956 0.5583 0.6654
-14.0378 46.4297 0.0192 0.4551 0.9987 0.4956 0.5583 0.6654
-6.6675 44.0558 -2.8099 0.429 0.9987 0.4932 0.5592 0.6664
-6.6675 44.0558 -2.8099 0.429 0.9987 0.4932 0.5592 0.6664
-6.6675 44.2355 -2.9607 0.429 0.9978 0.4932 0.5592 0.6664
-14.0378 46.6094 -0.1316 0.4551 0.9978 0.4956 0.5583 0.6654
-38.6396 56.8022 12.0157 0.542 0.9978 0.5527 0.5357 0.6384
-38.6396 56.6225 12.1665 0.542 0.9987 0.5527 0.5357 0.6384
-14.0378 46.4297 0.0192 0.4551 0.9987 0.4956 0.5583 0.6654
-14.0378 46.4297 0.0192 0.4551 0.9987 0.4956 0.5583 0.6654
-14.0378 46.6094 -0.1316 0.4551 0.9978 0.4956 0.5583 0.6654
-38.6396 56.8022 12.0157 0.542 0.9978 0.5527 0.5357 0.6384
-57.0392 64.8694 21.6298 0.607 0.9978 0.5382 0.5417 0.6456
-57.0392 64.6897 21.7806 0.607 0.9987 0.5382 0.5417 0.6456
-38.6396 56.6225 12.1665 0.542 0.9987 0.5527 0.5357 0.6384
-38.6396 56.6225 12.1665 0.542 0.9987 0.5527 0.5357 0.6384
-38.6396 56.8022 12.0157 0.542 0.9978 0.5527 0.5357 0.6384
-57.0392 64.8694 21.6298 0.607 0.9978 0.5382 0.5417 0.6456
-131.669 93.4576 55.7807 0.8708 0.998 0.0924 0.64 0.7628
-131.669 93.3574 55.8648 0.8708 0.9985 0.0924 0.64 0.7628
-57.0392 64.6897 21.7806 0.607 0.9987 0.5382 0.5417 0.6456
-57.0392 64.6897 21.7806 0.607 0.9987 0.5382 0.5417 0.6456
-57.0392 64.8694 21.6298 0.607 0.9978 0.5382 0.5417 0.6456
-131.669 93.4576 55.7807 0.8708 0.998 0.0924 0.64 0.7628
-135.605 92.4799 54.7085 0.8847 0.9982 -0.3457 0.6031 0.7188
-135.605 92.4713 54.7158 0.8847 0.9983 -0.3457 0.6031 0.7188
-131.669 93.3574 55.8648 0.8708 0.9985 0.0924 0.64 0.7628
-131.669 93.3574 55.8648 0.8708 0.9985 0.0924 0.64 0.7628
-131.669 93.4576 55.7807 0.8708 0.998 0.0924 0.64 0.7628
-135.605 92.4799 54.7085 0.8847 0.9982 -0.3457 0.6031 0.7188
113.471 -0.9763 -57.0332 0.1111 0.8766 0.8755 0.3106 0.3702
113.471 -1.0989 -56.9303 0.1111 0.8772 0.8794 0.3061 0.3648
113.213 -4.4795 -60.8525 0.0928 0.8774 0.9988 -0.032 -0.0381
113.213 -4.4795 -60.8525 0.0928 0.8774 0.9988 -0.032 -0.0381
113.213 -4.4616 -60.8675 0.0928 0.8773 0.9988 -0.032 -0.0381
113.471 -0.9763 -57.0332 0.1111 0.8766 0.8755 0.3106 0.3702
37.6688 27.5553 -23.2042 0.2723 0.997 0.488 0.561 0.6686
37.6688 27.3757 -23.0534 0.2723 0.9978 0.488 0.561 0.6686
113.471 -1.0989 -56.9303 0.0044 0.998 0.8794 0.3061 0.3648
113.471 -1.0989 -56.9303 0.0044 0.998 0.8794 0.3061 0.3648
113.471 -0.9763 -57.0332 0.0044 0.9974 0.8755 0.3106 0.3702
37.6688 27.5553 -23.2042 0.2723 0.997 0.488 0.561 0.6686
18.0194 34.3116 -15.1524 0.3418 0.997 0.5047 0.5549 0.6613
18.0194 34.1319 -15.0017 0.3418 0.9978 0.5047 0.5549 0.6613
37.6688 27.3757 -23.0534 0.2723 0.9978 0.488 0.561 0.6686
37.6688 27.3757 -23.0534 0.2723 0.9978 0.488 0.561 0.6686
37.6688 27.5553 -23.2042 0.2723 0.997 0.488 0.561 0.6686
18.0194 34.3116 -15.1524 0.3418 0.997 0.5047 0.5549 0.6613
-6.6675 44.4151 -3.1114 0.429 0.997 0.4932 0.5592 0.6664
-6.6675 44.2355 -2.9607 0.429 0.9978 0.4932 0.5592 0.6664
18.0194 34.1319 -15.0017 0.3418 0.9978 0.5047 0.5549 0.6613
18.0194 34.1319 -15.0017 0.3418 0.9978 0.5047 0.5549 0.6613
18.0194 34.3116 -15.1524 0.3418 0.997 0.5047 0.5549 0.6613
-6.6675 44.4151 -3.1114 0.429 0.997 0.4932 0.5592 0.6664
-14.0378 46.789 -0.2824 0.4551 0.997 0.4956 0.5583 0.6654
-14.0378 46.6094 -0.1316 0.4551 0.9978 0.4956 0.5583 0.6654
-6.6675 44.2355 -2.9607 0.429 0.9978 0.4932 0.5592 0.6664
-6.6675 44.2355 -2.9607 0.429 0.9978 0.4932 0.5592 0.6664
-6.6675 44.4151 -3.1114 0.429 0.997 0.4932 0.5592 0.6664
-14.0378 46.789 -0.2824 0.4551 0.997 0.4956 0.5583 0.6654
-38.6396 56.9818 11.865 0.542 0.997 0.5527 0.5357 0.6384
-38.6396 56.8022 12.0157 0.542 0.9978 0.5527 0.5357 0.6384
-14.0378 46.6094 -0.1316 0.4551 0.9978 0.4956 0.5583 0.6654
-14.0378 46.6094 -0.1316 0.4551 0.9978 0.4956 0.5583 0.6654
-14.0378 46.789 -0.2824 0.4551 0.997 0.4956 0.5583 0.6654
-38.6396 56.9818 11.865 0.542 0.997 0.5527 0.5357 0.6384
-57.0392 65.049 21.4791 0.607 0.997 0.5382 0.5417 0.6456
-57.0392 64.8694 21.6298 0.607 0.9978 0.5382 0.5417 0.6456
-38.6396 56.8022 12.0157 0.542 0.9978 0.5527 0.5357 0.6384
-38.6396 56.8022 12.0157 0.542 0.9978 0.5527 0.5357 0.6384
-38.6396 56.9818 11.865 0.542 0.997 0.5527 0.5357 0.6384
-57.0392 65.049 21.4791 0.607 0.997 0.5382 0.5417 0.6456
-131.669 93.5578 55.6966 0.8708 0.9976 0.0992 0.6396 0.7623
-131.669 93.4576 55.7807 0.8708 0.998 0.0924 0.64 0.7628
-57.0392 64.8694 21.6298 0.607 0.9978 0.5382 0.5417 0.6456
-57.0392 64.8694 21.6298 0.607 0.9978 0.5382 0.5417 0.6456
-57.0392 65.049 21.4791 0.607 0.997 0.5382 0.5417 0.6456
-131.669 93.5578 55.6966 0.8708 0.9976 0.0992 0.6396 0.7623
-135.605 92.4886 54.7013 0.8847 0.9982 -0.3457 0.6031 0.7188
-135.605 92.4799 54.7085 0.8847 0.9982 -0.3457 0.6031 0.7188
-131.669 93.4576 55.7807 0.8708 0.998 0.0924 0.64 0.7628
-131.669 93.4576 55.7807 0.8708 0.998 0.0924 0.64 0.7628
-131.669 93.5578 55.6966 0.8708 0.9976 0.0992 0.6396 0.7623
-135.605 92.4886 54.7013 0.8847 0.9982 -0.3457 0.6031 0.7188
-14.5777 45.2943 -5.1751 0.0787 0.8631 -0.6029 0.7792 -0.1715
-17.2425 43.4275 -4.2885 0.0887 0.8566 -0.6029 0.7792 -0.1715
-14.0378 46.789 -0.2824 0.0887 0.8783 -0.6029 0.7792 -0.1715
-14.0378 46.789 -0.2824 0.0044 0.8192 -0.6029 0.7792 -0.1715
-13.292 46.6429 -3.5679 0.0115 0.8256 -0.6029 0.7792 -0.1715
-14.5777 45.2943 -5.1751 0.0116 0.8343 -0.6029 0.7792 -0.1715
-11.173 43.6817 -7.097 0.0265 0.8355 -0.4195 0.1758 -0.8905
-10.6059 40.284 -8.0347 0.0336 0.8431 -0.4195 0.1758 -0.8905
-17.2425 43.4275 -4.2885 0.0046 0.8409 -0.4195 0.1758 -0.8905
-17.2425 43.4275 -4.2885 0.0046 0.8409 -0.4195 0.1758 -0.8905
-14.5777 45.2943 -5.1751 0.0116 0.8343 -0.4195 0.1758 -0.8905
-11.173 43.6817 -7.097 0.0265 0.8355 -0.4195 0.1758 -0.8905
-9.5109 45.4251 -5.0193 0.0742 0.8488 0.6029 0.3042 -0.7376
-6.6675 44.4151 -3.1114 0.0819 0.8588 0.6029 0.3042 -0.7376
-10.6059 40.284 -8.0347 0.0552 0.8588 0.6029 0.3042 -0.7376
-10.6059 40.284 -8.0347 0.0552 0.8588 0.6029 0.3042 -0.7376
-11.173 43.6817 -7.097 0.0629 0.8488 0.6029 0.3042 -0.7376
-9.5109 45.4251 -5.0193 0.0742 0.8488 0.6029 0.3042 -0.7376
-13.292 46.6429 -3.5679 0.0115 0.8256 0.3168 0.948 0.0298
-14.0378 46.789 -0.2824 0.0044 0.8192 0.3168 0.948 0.0298
-6.6675 44.4151 -3.1114 0.0334 0.8165 0.3168 0.948 0.0298
-6.6675 44.4151 -3.1114 0.0334 0.8165 0.3168 0.948 0.0298
-9.5109 45.4251 -5.0193 0.0264 0.8242 0.3168 0.948 0.0298
-13.292 46.6429 -3.5679 0.0115 0.8256 0.3168 0.948 0.0298
