Vertex Count: 864

Data:

0.160653 0.552901 0.807658 0.267336 0.512949 -0.1628 -0.5509 -0.8185
0.178508 0.380845 0.897422 0.211616 0.517233 -0.1805 -0.379 -0.9076
0 0.380845 0.915003 0.220619 0.570982 -0 -0.379 -0.9254
0.178508 0.380845 0.897422 0.211616 0.517233 -0.1805 -0.379 -0.9076
0.189503 0.194153 0.952698 0.147801 0.52202 -0.1914 -0.1931 -0.9623
0 0.194153 0.971362 0.159413 0.587639 -0 -0.1931 -0.9812
0.189503 0.194153 0.952698 0.147801 0.52202 -0.1914 -0.1931 -0.9623
0.193216 -0 0.971362 0.074522 0.527009 -0.1951 -0.0099 -0.9807
0 -0 0.990392 0.086997 0.606609 -0 -0.0099 -1
-0 0.990393 -0 0.490902 0.496213 -0 -1 0
0.037695 0.976074 0.189503 0.449305 0.499188 -0.0372 -0.9817 -0.1869
-0 0.976074 0.193216 0.450677 0.507242 -0 -0.9817 -0.1905
0.193216 -0 0.971362 0.074522 0.527009 -0.1951 -0.0099 -0.9807
0.190741 -0.162575 0.958919 0.0001 0.531918 -0.1945 0.0778 -0.9778
0 -0.162575 0.977705 0.01441 0.625214 -0 0.0778 -0.997
0.037695 0.976074 0.189503 0.449305 0.499188 -0.0372 -0.9817 -0.1869
0.073941 0.919442 0.371724 0.407237 0.502268 -0.076 -0.921 -0.382
0 0.919442 0.379007 0.40999 0.518458 -0 -0.921 -0.3894
0.073941 0.919442 0.371724 0.407237 0.502268 -0.076 -0.921 -0.382
0.107345 0.827475 0.53966 0.363652 0.505541 -0.1096 -0.8274 -0.5508
0 0.827475 0.550233 0.367823 0.530146 -0 -0.8274 -0.5616
0.107345 0.827475 0.53966 0.363652 0.505541 -0.1096 -0.8274 -0.5508
0.136624 0.70371 0.686857 0.317452 0.509078 -0.1389 -0.7024 -0.6981
0 0.70371 0.700313 0.323107 0.542583 -0 -0.7024 -0.7118
0.136624 0.70371 0.686857 0.317452 0.509078 -0.1389 -0.7024 -0.6981
0.160653 0.552901 0.807658 0.267336 0.512949 -0.1628 -0.5509 -0.8185
0 0.552901 0.823481 0.27457 0.556075 -0 -0.5509 -0.8345
0.267998 0.70371 0.647005 0.318369 0.47516 -0.2724 -0.7024 -0.6576
0.315133 0.552901 0.760798 0.268521 0.469319 -0.3194 -0.5509 -0.771
0.160653 0.552901 0.807658 0.267336 0.512949 -0.1628 -0.5509 -0.8185
0.315133 0.552901 0.760798 0.268521 0.469319 -0.3194 -0.5509 -0.771
0.350157 0.380845 0.845353 0.213129 0.462868 -0.3541 -0.379 -0.855
0.178508 0.380845 0.897422 0.211616 0.517233 -0.1805 -0.379 -0.9076
0.350157 0.380845 0.845353 0.213129 0.462868 -0.3541 -0.379 -0.855
0.371724 0.194153 0.897422 0.149959 0.455486 -0.3755 -0.1931 -0.9065
0.189503 0.194153 0.952698 0.147801 0.52202 -0.1914 -0.1931 -0.9623
0.371724 0.194153 0.897422 0.149959 0.455486 -0.3755 -0.1931 -0.9065
0.379007 -0 0.915003 0.076232 0.446728 -0.3827 -0.0099 -0.9238
0.193216 -0 0.971362 0.074522 0.527009 -0.1951 -0.0099 -0.9807
-0 0.990393 -0 0.490902 0.496213 -0 -1 0
0.073941 0.976074 0.178508 0.449528 0.491024 -0.0729 -0.9817 -0.176
0.037695 0.976074 0.189503 0.449305 0.499188 -0.0372 -0.9817 -0.1869
0.379007 -0 0.915003 0.076232 0.446728 -0.3827 -0.0099 -0.9238
0.374152 -0.162575 0.903282 0.002426 0.437999 -0.3815 0.0778 -0.9211
0.190741 -0.162575 0.958919 0.0001 0.531918 -0.1945 0.0778 -0.9778
0.073941 0.976074 0.178508 0.449528 0.491024 -0.0729 -0.9817 -0.176
0.14504 0.919442 0.350157 0.407683 0.485862 -0.149 -0.921 -0.3598
0.073941 0.919442 0.371724 0.407237 0.502268 -0.076 -0.921 -0.382
0.14504 0.919442 0.350157 0.407683 0.485862 -0.149 -0.921 -0.3598
0.210565 0.827475 0.508349 0.364326 0.480618 -0.2149 -0.8274 -0.5188
0.107345 0.827475 0.53966 0.363652 0.505541 -0.1096 -0.8274 -0.5508
0.210565 0.827475 0.508349 0.364326 0.480618 -0.2149 -0.8274 -0.5188
0.267998 0.70371 0.647005 0.318369 0.47516 -0.2724 -0.7024 -0.6576
0.136624 0.70371 0.686857 0.317452 0.509078 -0.1389 -0.7024 -0.6981
0.550233 -0 0.823481 0.093206 0.368061 -0.5555 -0.0099 -0.8314
0.543184 -0.162575 0.812933 0.022075 0.345573 -0.5539 0.0778 -0.8289
0.374152 -0.162575 0.903282 0.002426 0.437999 -0.3815 0.0778 -0.9211
0.107345 0.976074 0.160653 0.451336 0.483061 -0.1059 -0.9817 -0.1584
0.210565 0.919442 0.315133 0.411305 0.469861 -0.2164 -0.921 -0.3238
0.14504 0.919442 0.350157 0.407683 0.485862 -0.149 -0.921 -0.3598
0.210565 0.919442 0.315133 0.411305 0.469861 -0.2164 -0.921 -0.3238
0.305693 0.827475 0.457502 0.369809 0.456313 -0.312 -0.8274 -0.4669
0.210565 0.827475 0.508349 0.364326 0.480618 -0.2149 -0.8274 -0.5188
0.305693 0.827475 0.457502 0.369809 0.456313 -0.312 -0.8274 -0.4669
0.389073 0.70371 0.582289 0.325802 0.442083 -0.3955 -0.7024 -0.5918
0.267998 0.70371 0.647005 0.318369 0.47516 -0.2724 -0.7024 -0.6576
0.389073 0.70371 0.582289 0.325802 0.442083 -0.3955 -0.7024 -0.5918
0.457502 0.552901 0.6847 0.278045 0.426767 -0.4636 -0.5509 -0.6939
0.315133 0.552901 0.760798 0.268521 0.469319 -0.3194 -0.5509 -0.771
0.457502 0.552901 0.6847 0.278045 0.426767 -0.4636 -0.5509 -0.6939
0.508349 0.380845 0.760798 0.22495 0.409844 -0.5141 -0.379 -0.7694
0.350157 0.380845 0.845353 0.213129 0.462868 -0.3541 -0.379 -0.855
0.508349 0.380845 0.760798 0.22495 0.409844 -0.5141 -0.379 -0.7694
0.53966 0.194153 0.807658 0.164363 0.390607 -0.5451 -0.1931 -0.8158
0.371724 0.194153 0.897422 0.149959 0.455486 -0.3755 -0.1931 -0.9065
0.53966 0.194153 0.807658 0.164363 0.390607 -0.5451 -0.1931 -0.8158
0.550233 -0 0.823481 0.093206 0.368061 -0.5555 -0.0099 -0.8314
0.379007 -0 0.915003 0.076232 0.446728 -0.3827 -0.0099 -0.9238
-0 0.990393 -0 0.490902 0.496213 -0 -1 0
0.107345 0.976074 0.160653 0.451336 0.483061 -0.1059 -0.9817 -0.1584
0.073941 0.976074 0.178508 0.449528 0.491024 -0.0729 -0.9817 -0.176
0.582289 0.552901 0.582289 0.295556 0.386839 -0.5901 -0.5509 -0.5901
0.647005 0.380845 0.647005 0.246669 0.360036 -0.6544 -0.379 -0.6544
0.508349 0.380845 0.760798 0.22495 0.409844 -0.5141 -0.379 -0.7694
0.647005 0.380845 0.647005 0.246669 0.360036 -0.6544 -0.379 -0.6544
0.686857 0.194153 0.686857 0.190784 0.329549 -0.6938 -0.1931 -0.6938
0.53966 0.194153 0.807658 0.164363 0.390607 -0.5451 -0.1931 -0.8158
0.686857 0.194153 0.686857 0.190784 0.329549 -0.6938 -0.1931 -0.6938
0.700313 -0 0.700313 0.124931 0.29376 -0.7071 -0.0099 -0.7071
0.550233 -0 0.823481 0.093206 0.368061 -0.5555 -0.0099 -0.8314
-0 0.990393 -0 0.490902 0.496213 -0 -1 0
0.136624 0.976074 0.136624 0.454659 0.475602 -0.1347 -0.9817 -0.1347
0.107345 0.976074 0.160653 0.451336 0.483061 -0.1059 -0.9817 -0.1584
0.700313 -0 0.700313 0.124931 0.29376 -0.7071 -0.0099 -0.7071
0.691342 -0.162575 0.691342 0.059048 0.25799 -0.705 0.0778 -0.705
0.543184 -0.162575 0.812933 0.022075 0.345573 -0.5539 0.0778 -0.8289
0.136624 0.976074 0.136624 0.454659 0.475602 -0.1347 -0.9817 -0.1347
0.267998 0.919442 0.267998 0.417964 0.454872 -0.2754 -0.921 -0.2754
0.210565 0.919442 0.315133 0.411305 0.469861 -0.2164 -0.921 -0.3238
0.267998 0.919442 0.267998 0.417964 0.454872 -0.2754 -0.921 -0.2754
0.389073 0.827475 0.389073 0.37989 0.433535 -0.3971 -0.8274 -0.3971
0.305693 0.827475 0.457502 0.369809 0.456313 -0.312 -0.8274 -0.4669
0.389073 0.827475 0.389073 0.37989 0.433535 -0.3971 -0.8274 -0.3971
0.495196 0.70371 0.495196 0.339471 0.411068 -0.5033 -0.7024 -0.5033
0.389073 0.70371 0.582289 0.325802 0.442083 -0.3955 -0.7024 -0.5918
0.495196 0.70371 0.495196 0.339471 0.411068 -0.5033 -0.7024 -0.5033
0.582289 0.552901 0.582289 0.295556 0.386839 -0.5901 -0.5509 -0.5901
0.457502 0.552901 0.6847 0.278045 0.426767 -0.4636 -0.5509 -0.6939
0.160653 0.976074 0.107345 0.459369 0.468933 -0.1584 -0.9817 -0.1059
0.315133 0.919442 0.210565 0.427406 0.44146 -0.3238 -0.921 -0.2164
0.267998 0.919442 0.267998 0.417964 0.454872 -0.2754 -0.921 -0.2754
0.315133 0.919442 0.210565 0.427406 0.44146 -0.3238 -0.921 -0.2164
0.457502 0.827475 0.305693 0.394192 0.413139 -0.4669 -0.8274 -0.312
0.389073 0.827475 0.389073 0.37989 0.433535 -0.3971 -0.8274 -0.3971
0.457502 0.827475 0.305693 0.394192 0.413139 -0.4669 -0.8274 -0.312
0.582289 0.70371 0.389073 0.358873 0.383268 -0.5918 -0.7024 -0.3955
0.495196 0.70371 0.495196 0.339471 0.411068 -0.5033 -0.7024 -0.5033
0.582289 0.70371 0.389073 0.358873 0.383268 -0.5918 -0.7024 -0.3955
0.6847 0.552901 0.457502 0.320432 0.351003 -0.6939 -0.5509 -0.4636
0.582289 0.552901 0.582289 0.295556 0.386839 -0.5901 -0.5509 -0.5901
0.6847 0.552901 0.457502 0.320432 0.351003 -0.6939 -0.5509 -0.4636
0.760798 0.380845 0.508349 0.27756 0.315256 -0.7694 -0.379 -0.5141
0.647005 0.380845 0.647005 0.246669 0.360036 -0.6544 -0.379 -0.6544
0.760798 0.380845 0.508349 0.27756 0.315256 -0.7694 -0.379 -0.5141
0.807658 0.194153 0.53966 0.22845 0.274533 -0.8158 -0.1931 -0.5451
0.686857 0.194153 0.686857 0.190784 0.329549 -0.6938 -0.1931 -0.6938
0.807658 0.194153 0.53966 0.22845 0.274533 -0.8158 -0.1931 -0.5451
0.823481 -0 0.550232 0.17045 0.226625 -0.8314 -0.0099 -0.5555
0.700313 -0 0.700313 0.124931 0.29376 -0.7071 -0.0099 -0.7071
-0 0.990393 -0 0.490902 0.496213 -0 -1 0
0.160653 0.976074 0.107345 0.459369 0.468933 -0.1584 -0.9817 -0.1059
0.136624 0.976074 0.136624 0.454659 0.475602 -0.1347 -0.9817 -0.1347
0.823481 -0 0.550232 0.17045 0.226625 -0.8314 -0.0099 -0.5555
0.812933 -0.162575 0.543184 0.112376 0.178666 -0.8289 0.0778 -0.5539
0.691342 -0.162575 0.691342 0.059048 0.25799 -0.705 0.0778 -0.705
0.760798 0.552901 0.315133 0.351783 0.3206 -0.771 -0.5509 -0.3194
0.845353 0.380845 0.350157 0.31655 0.277187 -0.855 -0.379 -0.3541
0.760798 0.380845 0.508349 0.27756 0.315256 -0.7694 -0.379 -0.5141
0.845353 0.380845 0.350157 0.31655 0.277187 -0.855 -0.379 -0.3541
0.897422 0.194153 0.371724 0.2761 0.22765 -0.9065 -0.1931 -0.3755
0.807658 0.194153 0.53966 0.22845 0.274533 -0.8158 -0.1931 -0.5451
0.897422 0.194153 0.371724 0.2761 0.22765 -0.9065 -0.1931 -0.3755
0.915003 -0 0.379007 0.228242 0.169275 -0.9238 -0.0099 -0.3827
0.823481 -0 0.550232 0.17045 0.226625 -0.8314 -0.0099 -0.5555
-0 0.990393 -0 0.490902 0.496213 -0 -1 0
0.178508 0.976074 0.073941 0.465289 0.463308 -0.176 -0.9817 -0.0729
0.160653 0.976074 0.107345 0.459369 0.468933 -0.1584 -0.9817 -0.1059
0.915003 -0 0.379007 0.228242 0.169275 -0.9238 -0.0099 -0.3827
0.903282 -0.162575 0.374152 0.180301 0.110777 -0.9211 0.0778 -0.3815
0.812933 -0.162575 0.543184 0.112376 0.178666 -0.8289 0.0778 -0.5539
0.178508 0.976074 0.073941 0.465289 0.463308 -0.176 -0.9817 -0.0729
0.350157 0.919442 0.14504 0.439277 0.430135 -0.3598 -0.921 -0.149
0.315133 0.919442 0.210565 0.427406 0.44146 -0.3238 -0.921 -0.2164
0.350157 0.919442 0.14504 0.439277 0.430135 -0.3598 -0.921 -0.149
0.508349 0.827475 0.210565 0.412183 0.395894 -0.5188 -0.8274 -0.2149
0.457502 0.827475 0.305693 0.394192 0.413139 -0.4669 -0.8274 -0.312
0.508349 0.827475 0.210565 0.412183 0.395894 -0.5188 -0.8274 -0.2149
0.647005 0.70371 0.267998 0.383299 0.359725 -0.6576 -0.7024 -0.2724
0.582289 0.70371 0.389073 0.358873 0.383268 -0.5918 -0.7024 -0.3955
0.647005 0.70371 0.267998 0.383299 0.359725 -0.6576 -0.7024 -0.2724
0.760798 0.552901 0.315133 0.351783 0.3206 -0.771 -0.5509 -0.3194
0.6847 0.552901 0.457502 0.320432 0.351003 -0.6939 -0.5509 -0.4636
0.371724 0.919442 0.07394 0.453127 0.42133 -0.382 -0.921 -0.076
0.53966 0.827475 0.107345 0.433189 0.382457 -0.5508 -0.8274 -0.1096
0.508349 0.827475 0.210565 0.412183 0.395894 -0.5188 -0.8274 -0.2149
0.53966 0.827475 0.107345 0.433189 0.382457 -0.5508 -0.8274 -0.1096
0.686857 0.70371 0.136624 0.411846 0.341338 -0.6981 -0.7024 -0.1389
0.647005 0.70371 0.267998 0.383299 0.359725 -0.6576 -0.7024 -0.2724
0.686857 0.70371 0.136624 0.411846 0.341338 -0.6981 -0.7024 -0.1389
0.807658 0.552901 0.160653 0.388468 0.296793 -0.8185 -0.5509 -0.1628
0.760798 0.552901 0.315133 0.351783 0.3206 -0.771 -0.5509 -0.3194
0.807658 0.552901 0.160653 0.388468 0.296793 -0.8185 -0.5509 -0.1628
0.897422 0.380845 0.178508 0.362242 0.247296 -0.9076 -0.379 -0.1805
0.845353 0.380845 0.350157 0.31655 0.277187 -0.855 -0.379 -0.3541
0.897422 0.380845 0.178508 0.362242 0.247296 -0.9076 -0.379 -0.1805
0.952698 0.194153 0.189503 0.332047 0.190737 -0.9623 -0.1931 -0.1914
0.897422 0.194153 0.371724 0.2761 0.22765 -0.9065 -0.1931 -0.3755
0.952698 0.194153 0.189503 0.332047 0.190737 -0.9623 -0.1931 -0.1914
0.971362 -0 0.193216 0.296254 0.124001 -0.9807 -0.0099 -0.1951
0.915003 -0 0.379007 0.228242 0.169275 -0.9238 -0.0099 -0.3827
-0 0.990393 -0 0.490902 0.496213 -0 -1 0
0.189503 0.976074 0.037695 0.472192 0.458942 -0.1869 -0.9817 -0.0372
0.178508 0.976074 0.073941 0.465289 0.463308 -0.176 -0.9817 -0.0729
0.971362 -0 0.193216 0.296254 0.124001 -0.9807 -0.0099 -0.1951
0.958919 -0.162575 0.190741 0.260401 0.057083 -0.9778 0.0778 -0.1945
0.903282 -0.162575 0.374152 0.180301 0.110777 -0.9211 0.0778 -0.3815
0.189503 0.976074 0.037695 0.472192 0.458942 -0.1869 -0.9817 -0.0372
0.371724 0.919442 0.07394 0.453127 0.42133 -0.382 -0.921 -0.076
0.350157 0.919442 0.14504 0.439277 0.430135 -0.3598 -0.921 -0.149
0.915003 0.380845 -0 0.41296 0.226766 -0.9254 -0.379 0
0.971362 0.194153 -0 0.394243 0.165276 -0.9812 -0.1931 0
0.952698 0.194153 0.189503 0.332047 0.190737 -0.9623 -0.1931 -0.1914
0.971362 0.194153 -0 0.394243 0.165276 -0.9812 -0.1931 0
0.990392 -0 -0 0.371989 0.092651 -1 -0.0099 0
0.971362 -0 0.193216 0.296254 0.124001 -0.9807 -0.0099 -0.1951
-0 0.990393 -0 0.490902 0.496213 -0 -1 0
0.193216 0.976074 -0 0.479816 0.456003 -0.1905 -0.9817 0
0.189503 0.976074 0.037695 0.472192 0.458942 -0.1869 -0.9817 -0.0372
0.990392 -0 -0 0.371989 0.092651 -1 -0.0099 0
0.977706 -0.162575 -0 0.349719 0.019803 -0.997 0.0778 0
0.958919 -0.162575 0.190741 0.260401 0.057083 -0.9778 0.0778 -0.1945
0.193216 0.976074 -0 0.479816 0.456003 -0.1905 -0.9817 0
0.379007 0.919442 -0 0.468433 0.415384 -0.3894 -0.921 0
0.371724 0.919442 0.07394 0.453127 0.42133 -0.382 -0.921 -0.076
0.379007 0.919442 -0 0.468433 0.415384 -0.3894 -0.921 0
0.550233 0.827475 -0 0.456423 0.373346 -0.5616 -0.8274 0
0.53966 0.827475 0.107345 0.433189 0.382457 -0.5508 -0.8274 -0.1096
0.550233 0.827475 -0 0.456423 0.373346 -0.5616 -0.8274 0
0.700313 0.70371 -0 0.443453 0.328818 -0.7118 -0.7024 0
0.686857 0.70371 0.136624 0.411846 0.341338 -0.6981 -0.7024 -0.1389
0.700313 0.70371 -0 0.443453 0.328818 -0.7118 -0.7024 0
0.823481 0.552901 -0 0.429133 0.280513 -0.8345 -0.5509 0
0.807658 0.552901 0.160653 0.388468 0.296793 -0.8185 -0.5509 -0.1628
0.823481 0.552901 -0 0.429133 0.280513 -0.8345 -0.5509 0
0.915003 0.380845 -0 0.41296 0.226766 -0.9254 -0.379 0
0.897422 0.380845 0.178508 0.362242 0.247296 -0.9076 -0.379 -0.1805
0.371724 0.919442 -0.073941 0.484614 0.412527 -0.382 -0.921 0.076
0.53966 0.827475 -0.107345 0.481007 0.36892 -0.5508 -0.8274 0.1096
0.550233 0.827475 -0 0.456423 0.373346 -0.5616 -0.8274 0
0.53966 0.827475 -0.107345 0.481007 0.36892 -0.5508 -0.8274 0.1096
0.686857 0.70371 -0.136624 0.476933 0.322664 -0.6981 -0.7024 0.1389
0.700313 0.70371 -0 0.443453 0.328818 -0.7118 -0.7024 0
0.686857 0.70371 -0.136624 0.476933 0.322664 -0.6981 -0.7024 0.1389
0.807658 0.552901 -0.160653 0.472258 0.272416 -0.8185 -0.5509 0.1628
0.823481 0.552901 -0 0.429133 0.280513 -0.8345 -0.5509 0
0.807658 0.552901 -0.160653 0.472258 0.272416 -0.8185 -0.5509 0.1628
0.897422 0.380845 -0.178508 0.466813 0.216436 -0.9076 -0.379 0.1805
0.915003 0.380845 -0 0.41296 0.226766 -0.9254 -0.379 0
0.897422 0.380845 -0.178508 0.466813 0.216436 -0.9076 -0.379 0.1805
0.952698 0.194153 -0.189503 0.460369 0.152324 -0.9623 -0.1931 0.1914
0.971362 0.194153 -0 0.394243 0.165276 -0.9812 -0.1931 0
0.952698 0.194153 -0.189503 0.460369 0.152324 -0.9623 -0.1931 0.1914
0.971362 -0 -0.193216 0.452614 0.076543 -0.9807 -0.0099 0.1951
0.990392 -0 -0 0.371989 0.092651 -1 -0.0099 0
-0 0.990393 -0 0.490902 0.496213 -0 -1 0
0.189503 0.976074 -0.037695 0.487868 0.454605 -0.1869 -0.9817 0.0372
0.193216 0.976074 -0 0.479816 0.456003 -0.1905 -0.9817 0
0.971362 -0 -0.193216 0.452614 0.076543 -0.9807 -0.0099 0.1951
0.958919 -0.162575 -0.190741 0.444893 0.000514984 -0.9778 0.0778 0.1945
0.977706 -0.162575 -0 0.349719 0.019803 -0.997 0.0778 0
0.189503 0.976074 -0.037695 0.487868 0.454605 -0.1869 -0.9817 0.0372
0.371724 0.919442 -0.073941 0.484614 0.412527 -0.382 -0.921 0.076
0.379007 0.919442 -0 0.468433 0.415384 -0.3894 -0.921 0
0.845353 0.380845 -0.350157 0.521768 0.216765 -0.855 -0.379 0.3541
0.897422 0.194153 -0.371724 0.527925 0.152464 -0.9065 -0.1931 0.3755
0.952698 0.194153 -0.189503 0.460369 0.152324 -0.9623 -0.1931 0.1914
0.897422 0.194153 -0.371724 0.527925 0.152464 -0.9065 -0.1931 0.3755
0.915003 -0 -0.379007 0.535071 0.076409 -0.9238 -0.0099 0.3827
0.971362 -0 -0.193216 0.452614 0.076543 -0.9807 -0.0099 0.1951
-0 0.990393 -0 0.490902 0.496213 -0 -1 0
0.178508 0.976074 -0.073941 0.496043 0.454804 -0.176 -0.9817 0.0729
0.189503 0.976074 -0.037695 0.487868 0.454605 -0.1869 -0.9817 0.0372
0.915003 -0 -0.379007 0.535071 0.076409 -0.9238 -0.0099 0.3827
0.903282 -0.162575 -0.374152 0.542305 0.000100017 -0.9211 0.0778 0.3815
0.958919 -0.162575 -0.190741 0.444893 0.000514984 -0.9778 0.0778 0.1945
0.178508 0.976074 -0.073941 0.496043 0.454804 -0.176 -0.9817 0.0729
0.350157 0.919442 -0.14504 0.501053 0.412875 -0.3598 -0.921 0.149
0.371724 0.919442 -0.073941 0.484614 0.412527 -0.382 -0.921 0.076
0.350157 0.919442 -0.14504 0.501053 0.412875 -0.3598 -0.921 0.149
0.508349 0.827475 -0.210565 0.50601 0.369361 -0.5188 -0.8274 0.2149
0.53966 0.827475 -0.107345 0.481007 0.36892 -0.5508 -0.8274 0.1096
0.508349 0.827475 -0.210565 0.50601 0.369361 -0.5188 -0.8274 0.2149
0.647005 0.70371 -0.267998 0.51102 0.323136 -0.6576 -0.7024 0.2724
0.686857 0.70371 -0.136624 0.476933 0.322664 -0.6981 -0.7024 0.1389
0.647005 0.70371 -0.267998 0.51102 0.323136 -0.6576 -0.7024 0.2724
0.760797 0.552901 -0.315133 0.516215 0.272852 -0.771 -0.5509 0.3194
0.807658 0.552901 -0.160653 0.472258 0.272416 -0.8185 -0.5509 0.1628
0.760797 0.552901 -0.315133 0.516215 0.272852 -0.771 -0.5509 0.3194
0.845353 0.380845 -0.350157 0.521768 0.216765 -0.855 -0.379 0.3541
0.897422 0.380845 -0.178508 0.466813 0.216436 -0.9076 -0.379 0.1805
0.457502 0.827475 -0.305693 0.530475 0.374669 -0.4669 -0.8274 0.312
0.582289 0.70371 -0.389073 0.544413 0.330245 -0.5918 -0.7024 0.3955
0.647005 0.70371 -0.267998 0.51102 0.323136 -0.6576 -0.7024 0.2724
0.582289 0.70371 -0.389073 0.544413 0.330245 -0.5918 -0.7024 0.3955
0.6847 0.552901 -0.457502 0.559327 0.281851 -0.6939 -0.5509 0.4636
0.760797 0.552901 -0.315133 0.516215 0.272852 -0.771 -0.5509 0.3194
0.6847 0.552901 -0.457502 0.559327 0.281851 -0.6939 -0.5509 0.4636
0.760797 0.380845 -0.508349 0.575729 0.227804 -0.7694 -0.379 0.5141
0.845353 0.380845 -0.350157 0.521768 0.216765 -0.855 -0.379 0.3541
0.760797 0.380845 -0.508349 0.575729 0.227804 -0.7694 -0.379 0.5141
0.807658 0.194153 -0.53966 0.594333 0.165779 -0.8158 -0.1931 0.5451
0.897422 0.194153 -0.371724 0.527925 0.152464 -0.9065 -0.1931 0.3755
0.807658 0.194153 -0.53966 0.594333 0.165779 -0.8158 -0.1931 0.5451
0.823481 -0 -0.550233 0.616208 0.092366 -0.8314 -0.0099 0.5555
0.915003 -0 -0.379007 0.535071 0.076409 -0.9238 -0.0099 0.3827
-0 0.990393 -0 0.490902 0.496213 -0 -1 0
0.160653 0.976074 -0.107345 0.504024 0.456593 -0.1584 -0.9817 0.1059
0.178508 0.976074 -0.073941 0.496043 0.454804 -0.176 -0.9817 0.0729
0.823481 -0 -0.550233 0.616208 0.092366 -0.8314 -0.0099 0.5555
0.812932 -0.162575 -0.543184 0.638225 0.018706 -0.8289 0.0778 0.5539
0.903282 -0.162575 -0.374152 0.542305 0.000100017 -0.9211 0.0778 0.3815
0.160653 0.976074 -0.107345 0.504024 0.456593 -0.1584 -0.9817 0.1059
0.315133 0.919442 -0.210565 0.51712 0.416423 -0.3238 -0.921 0.2164
0.350157 0.919442 -0.14504 0.501053 0.412875 -0.3598 -0.921 0.149
0.315133 0.919442 -0.210565 0.51712 0.416423 -0.3238 -0.921 0.2164
0.457502 0.827475 -0.305693 0.530475 0.374669 -0.4669 -0.8274 0.312
0.508349 0.827475 -0.210565 0.50601 0.369361 -0.5188 -0.8274 0.2149
0.686857 0.194153 -0.686857 0.657035 0.191843 -0.6938 -0.1931 0.6938
0.700313 -0 -0.700313 0.692901 0.123911 -0.7071 -0.0099 0.7071
0.823481 -0 -0.550233 0.616208 0.092366 -0.8314 -0.0099 0.5555
-0 0.990393 -0 0.490902 0.496213 -0 -1 0
0.136624 0.976074 -0.136624 0.511507 0.459906 -0.1347 -0.9817 0.1347
0.160653 0.976074 -0.107345 0.504024 0.456593 -0.1584 -0.9817 0.1059
0.700313 -0 -0.700313 0.692901 0.123911 -0.7071 -0.0099 0.7071
0.691342 -0.162575 -0.691342 0.728957 0.055748 -0.705 0.0778 0.705
0.812932 -0.162575 -0.543184 0.638225 0.018706 -0.8289 0.0778 0.5539
0.136624 0.976074 -0.136624 0.511507 0.459906 -0.1347 -0.9817 0.1347
0.267998 0.919442 -0.267998 0.5322 0.423042 -0.2754 -0.921 0.2754
0.315133 0.919442 -0.210565 0.51712 0.416423 -0.3238 -0.921 0.2164
0.267998 0.919442 -0.267998 0.5322 0.423042 -0.2754 -0.921 0.2754
0.389073 0.827475 -0.389073 0.553463 0.384656 -0.3971 -0.8274 0.3971
0.457502 0.827475 -0.305693 0.530475 0.374669 -0.4669 -0.8274 0.312
0.389073 0.827475 -0.389073 0.553463 0.384656 -0.3971 -0.8274 0.3971
0.495196 0.70371 -0.495196 0.575828 0.343747 -0.5033 -0.7024 0.5033
0.582289 0.70371 -0.389073 0.544413 0.330245 -0.5918 -0.7024 0.3955
0.495196 0.70371 -0.495196 0.575828 0.343747 -0.5033 -0.7024 0.5033
0.582289 0.552901 -0.582289 0.599935 0.299112 -0.5901 -0.5509 0.5901
0.6847 0.552901 -0.457502 0.559327 0.281851 -0.6939 -0.5509 0.4636
0.582289 0.552901 -0.582289 0.599935 0.299112 -0.5901 -0.5509 0.5901
0.647005 0.380845 -0.647005 0.62662 0.249194 -0.6544 -0.379 0.6544
0.760797 0.380845 -0.508349 0.575729 0.227804 -0.7694 -0.379 0.5141
0.647005 0.380845 -0.647005 0.62662 0.249194 -0.6544 -0.379 0.6544
0.686857 0.194153 -0.686857 0.657035 0.191843 -0.6938 -0.1931 0.6938
0.807658 0.194153 -0.53966 0.594333 0.165779 -0.8158 -0.1931 0.5451
0.389073 0.70371 -0.582289 0.604046 0.363151 -0.3955 -0.7024 0.5918
0.457502 0.552901 -0.6847 0.636463 0.324015 -0.4636 -0.5509 0.6939
0.582289 0.552901 -0.582289 0.599935 0.299112 -0.5901 -0.5509 0.5901
0.457502 0.552901 -0.6847 0.636463 0.324015 -0.4636 -0.5509 0.6939
0.508349 0.380845 -0.760798 0.672461 0.280176 -0.5141 -0.379 0.7694
0.647005 0.380845 -0.647005 0.62662 0.249194 -0.6544 -0.379 0.6544
0.508349 0.380845 -0.760798 0.672461 0.280176 -0.5141 -0.379 0.7694
0.53966 0.194153 -0.807658 0.713596 0.22974 -0.5451 -0.1931 0.8158
0.686857 0.194153 -0.686857 0.657035 0.191843 -0.6938 -0.1931 0.6938
0.53966 0.194153 -0.807658 0.713596 0.22974 -0.5451 -0.1931 0.8158
0.550232 -0 -0.823481 0.762173 0.169941 -0.5555 -0.0099 0.8314
0.700313 -0 -0.700313 0.692901 0.123911 -0.7071 -0.0099 0.7071
-0 0.990393 -0 0.490902 0.496213 -0 -1 0
0.107345 0.976074 -0.160653 0.518203 0.464618 -0.1059 -0.9817 0.1584
0.136624 0.976074 -0.136624 0.511507 0.459906 -0.1347 -0.9817 0.1347
0.550232 -0 -0.823481 0.762173 0.169941 -0.5555 -0.0099 0.8314
0.543184 -0.162575 -0.812933 0.810985 0.109928 -0.5539 0.0778 0.8289
0.691342 -0.162575 -0.691342 0.728957 0.055748 -0.705 0.0778 0.705
0.107345 0.976074 -0.160653 0.518203 0.464618 -0.1059 -0.9817 0.1584
0.210565 0.919442 -0.315133 0.545708 0.432483 -0.2164 -0.921 0.3238
0.267998 0.919442 -0.267998 0.5322 0.423042 -0.2754 -0.921 0.2754
0.210565 0.919442 -0.315133 0.545708 0.432483 -0.2164 -0.921 0.3238
0.305693 0.827475 -0.457502 0.574083 0.398954 -0.312 -0.8274 0.4669
0.389073 0.827475 -0.389073 0.553463 0.384656 -0.3971 -0.8274 0.3971
0.305693 0.827475 -0.457502 0.574083 0.398954 -0.312 -0.8274 0.4669
0.389073 0.70371 -0.582289 0.604046 0.363151 -0.3955 -0.7024 0.5918
0.495196 0.70371 -0.495196 0.575828 0.343747 -0.5033 -0.7024 0.5033
-0 0.990393 -0 0.490902 0.496213 -0 -1 0
0.073941 0.976074 -0.178508 0.523852 0.470549 -0.0729 -0.9817 0.176
0.107345 0.976074 -0.160653 0.518203 0.464618 -0.1059 -0.9817 0.1584
0.379006 -0 -0.915003 0.821307 0.228791 -0.3827 -0.0099 0.9238
0.374152 -0.162575 -0.903282 0.881104 0.179297 -0.3815 0.0778 0.9211
0.543184 -0.162575 -0.812933 0.810985 0.109928 -0.5539 0.0778 0.8289
0.073941 0.976074 -0.178508 0.523852 0.470549 -0.0729 -0.9817 0.176
0.14504 0.919442 -0.350157 0.557121 0.444389 -0.149 -0.921 0.3598
0.210565 0.919442 -0.315133 0.545708 0.432483 -0.2164 -0.921 0.3238
0.14504 0.919442 -0.350157 0.557121 0.444389 -0.149 -0.921 0.3598
0.210565 0.827475 -0.508349 0.591532 0.417026 -0.2149 -0.8274 0.5188
0.305693 0.827475 -0.457502 0.574083 0.398954 -0.312 -0.8274 0.4669
0.210565 0.827475 -0.508349 0.591532 0.417026 -0.2149 -0.8274 0.5188
0.267998 0.70371 -0.647005 0.627963 0.387733 -0.2724 -0.7024 0.6576
0.389073 0.70371 -0.582289 0.604046 0.363151 -0.3955 -0.7024 0.5918
0.267998 0.70371 -0.647005 0.627963 0.387733 -0.2724 -0.7024 0.6576
0.315133 0.552901 -0.760797 0.667477 0.355638 -0.3194 -0.5509 0.771
0.457502 0.552901 -0.6847 0.636463 0.324015 -0.4636 -0.5509 0.6939
0.315133 0.552901 -0.760797 0.667477 0.355638 -0.3194 -0.5509 0.771
0.350157 0.380845 -0.845353 0.71145 0.319612 -0.3541 -0.379 0.855
0.508349 0.380845 -0.760798 0.672461 0.280176 -0.5141 -0.379 0.7694
0.350157 0.380845 -0.845353 0.71145 0.319612 -0.3541 -0.379 0.855
0.371724 0.194153 -0.897422 0.761789 0.278091 -0.3755 -0.1931 0.9065
0.53966 0.194153 -0.807658 0.713596 0.22974 -0.5451 -0.1931 0.8158
0.371724 0.194153 -0.897422 0.761789 0.278091 -0.3755 -0.1931 0.9065
0.379006 -0 -0.915003 0.821307 0.228791 -0.3827 -0.0099 0.9238
0.550232 -0 -0.823481 0.762173 0.169941 -0.5555 -0.0099 0.8314
0.136624 0.70371 -0.686857 0.646634 0.416561 -0.1389 -0.7024 0.6981
0.160653 0.552901 -0.807658 0.69174 0.392791 -0.1628 -0.5509 0.8185
0.315133 0.552901 -0.760797 0.667477 0.355638 -0.3194 -0.5509 0.771
0.160653 0.552901 -0.807658 0.69174 0.392791 -0.1628 -0.5509 0.8185
0.178508 0.380845 -0.897422 0.742026 0.366029 -0.1805 -0.379 0.9076
0.350157 0.380845 -0.845353 0.71145 0.319612 -0.3541 -0.379 0.855
0.178508 0.380845 -0.897422 0.742026 0.366029 -0.1805 -0.379 0.9076
0.189503 0.194153 -0.952698 0.799685 0.335106 -0.1914 -0.1931 0.9623
0.371724 0.194153 -0.897422 0.761789 0.278091 -0.3755 -0.1931 0.9065
0.189503 0.194153 -0.952698 0.799685 0.335106 -0.1914 -0.1931 0.9623
0.193216 -0 -0.971362 0.867942 0.298303 -0.1951 -0.0099 0.9807
0.379006 -0 -0.915003 0.821307 0.228791 -0.3827 -0.0099 0.9238
-0 0.990393 -0 0.490902 0.496213 -0 -1 0
0.037695 0.976074 -0.189504 0.528236 0.477471 -0.0372 -0.9817 0.1869
0.073941 0.976074 -0.178508 0.523852 0.470549 -0.0729 -0.9817 0.176
0.193216 -0 -0.971362 0.867942 0.298303 -0.1951 -0.0099 0.9807
0.190741 -0.162575 -0.958919 0.936533 0.261325 -0.1945 0.0778 0.9778
0.374152 -0.162575 -0.903282 0.881104 0.179297 -0.3815 0.0778 0.9211
0.037695 0.976074 -0.189504 0.528236 0.477471 -0.0372 -0.9817 0.1869
0.073941 0.919442 -0.371724 0.565994 0.458307 -0.076 -0.921 0.382
0.14504 0.919442 -0.350157 0.557121 0.444389 -0.149 -0.921 0.3598
0.073941 0.919442 -0.371724 0.565994 0.458307 -0.076 -0.921 0.382
0.107345 0.827475 -0.53966 0.605124 0.438184 -0.1096 -0.8274 0.5508
0.210565 0.827475 -0.508349 0.591532 0.417026 -0.2149 -0.8274 0.5188
0.107345 0.827475 -0.53966 0.605124 0.438184 -0.1096 -0.8274 0.5508
0.136624 0.70371 -0.686857 0.646634 0.416561 -0.1389 -0.7024 0.6981
0.267998 0.70371 -0.647005 0.627963 0.387733 -0.2724 -0.7024 0.6576
-0 -0 -0.990392 0.900158 0.375894 -0 -0.0099 1
-0 -0.162575 -0.977705 0.975004 0.353005 -0 0.0778 0.997
0.190741 -0.162575 -0.958919 0.936533 0.261325 -0.1945 0.0778 0.9778
-0 0.976074 -0.193216 0.531183 0.485119 -0 -0.9817 0.1905
-0 0.919442 -0.379007 0.571977 0.4737 -0 -0.921 0.3894
0.073941 0.919442 -0.371724 0.565994 0.458307 -0.076 -0.921 0.382
-0 0.919442 -0.379007 0.571977 0.4737 -0 -0.921 0.3894
-0 0.827475 -0.550233 0.61432 0.461616 -0 -0.8274 0.5616
0.107345 0.827475 -0.53966 0.605124 0.438184 -0.1096 -0.8274 0.5508
-0 0.827475 -0.550233 0.61432 0.461616 -0 -0.8274 0.5616
0 0.70371 -0.700313 0.659309 0.448531 -0 -0.7024 0.7118
0.136624 0.70371 -0.686857 0.646634 0.416561 -0.1389 -0.7024 0.6981
0 0.70371 -0.700313 0.659309 0.448531 -0 -0.7024 0.7118
-0 0.552901 -0.823481 0.70827 0.434051 -0 -0.5509 0.8345
0.160653 0.552901 -0.807658 0.69174 0.392791 -0.1628 -0.5509 0.8185
-0 0.552901 -0.823481 0.70827 0.434051 -0 -0.5509 0.8345
0 0.380845 -0.915003 0.762934 0.41766 -0 -0.379 0.9254
0.178508 0.380845 -0.897422 0.742026 0.366029 -0.1805 -0.379 0.9076
0 0.380845 -0.915003 0.762934 0.41766 -0 -0.379 0.9254
-0 0.194153 -0.971362 0.825711 0.398637 -0 -0.1931 0.9812
0.189503 0.194153 -0.952698 0.799685 0.335106 -0.1914 -0.1931 0.9623
-0 0.194153 -0.971362 0.825711 0.398637 -0 -0.1931 0.9812
-0 -0 -0.990392 0.900158 0.375894 -0 -0.0099 1
0.193216 -0 -0.971362 0.867942 0.298303 -0.1951 -0.0099 0.9807
-0 0.990393 -0 0.490902 0.496213 -0 -1 0
-0 0.976074 -0.193216 0.531183 0.485119 -0 -0.9817 0.1905
0.037695 0.976074 -0.189504 0.528236 0.477471 -0.0372 -0.9817 0.1869
-0.160653 0.552901 -0.807658 0.716378 0.47782 0.1628 -0.5509 0.8185
-0.178508 0.380845 -0.897422 0.773275 0.472502 0.1805 -0.379 0.9076
0 0.380845 -0.915003 0.762934 0.41766 -0 -0.379 0.9254
-0.178508 0.380845 -0.897422 0.773275 0.472502 0.1805 -0.379 0.9076
-0.189503 0.194153 -0.952698 0.838709 0.466243 0.1914 -0.1931 0.9623
-0 0.194153 -0.971362 0.825711 0.398637 -0 -0.1931 0.9812
-0.189503 0.194153 -0.952698 0.838709 0.466243 0.1914 -0.1931 0.9623
-0.193216 -0 -0.971362 0.916538 0.458637 0.1951 -0.0099 0.9807
-0 -0 -0.990392 0.900158 0.375894 -0 -0.0099 1
-0 0.990393 -0 0.490902 0.496213 -0 -1 0
-0.037695 0.976074 -0.189504 0.53258 0.493198 0.0372 -0.9817 0.1869
-0 0.976074 -0.193216 0.531183 0.485119 -0 -0.9817 0.1905
-0.193216 -0 -0.971362 0.916538 0.458637 0.1951 -0.0099 0.9807
-0.190741 -0.162575 -0.958919 0.994814 0.450956 0.1945 0.0778 0.9778
-0 -0.162575 -0.977705 0.975004 0.353005 -0 0.0778 0.997
-0.037695 0.976074 -0.189504 0.53258 0.493198 0.0372 -0.9817 0.1869
-0.073941 0.919442 -0.371724 0.574834 0.489976 0.076 -0.921 0.382
-0 0.919442 -0.379007 0.571977 0.4737 -0 -0.921 0.3894
-0.073941 0.919442 -0.371724 0.574834 0.489976 0.076 -0.921 0.382
-0.107345 0.827475 -0.53966 0.618751 0.486416 0.1096 -0.8274 0.5508
-0 0.827475 -0.550233 0.61432 0.461616 -0 -0.8274 0.5616
-0.107345 0.827475 -0.53966 0.618751 0.486416 0.1096 -0.8274 0.5508
-0.136624 0.70371 -0.686857 0.665472 0.482406 0.1389 -0.7024 0.6981
0 0.70371 -0.700313 0.659309 0.448531 -0 -0.7024 0.7118
-0.136624 0.70371 -0.686857 0.665472 0.482406 0.1389 -0.7024 0.6981
-0.160653 0.552901 -0.807658 0.716378 0.47782 0.1628 -0.5509 0.8185
-0 0.552901 -0.823481 0.70827 0.434051 -0 -0.5509 0.8345
-0.073941 0.976074 -0.178508 0.53237 0.501396 0.0729 -0.9817 0.176
-0.14504 0.919442 -0.350157 0.574448 0.506503 0.149 -0.921 0.3598
-0.073941 0.919442 -0.371724 0.574834 0.489976 0.076 -0.921 0.382
-0.14504 0.919442 -0.350157 0.574448 0.506503 0.149 -0.921 0.3598
-0.210565 0.827475 -0.508349 0.618232 0.51162 0.2149 -0.8274 0.5188
-0.107345 0.827475 -0.53966 0.618751 0.486416 0.1096 -0.8274 0.5508
-0.210565 0.827475 -0.508349 0.618232 0.51162 0.2149 -0.8274 0.5188
-0.267998 0.70371 -0.647005 0.664862 0.516864 0.2724 -0.7024 0.6576
-0.136624 0.70371 -0.686857 0.665472 0.482406 0.1389 -0.7024 0.6981
-0.267998 0.70371 -0.647005 0.664862 0.516864 0.2724 -0.7024 0.6576
-0.315132 0.552901 -0.760797 0.715713 0.522382 0.3194 -0.5509 0.771
-0.160653 0.552901 -0.807658 0.716378 0.47782 0.1628 -0.5509 0.8185
-0.315132 0.552901 -0.760797 0.715713 0.522382 0.3194 -0.5509 0.771
-0.350157 0.380845 -0.845353 0.772568 0.52838 0.3541 -0.379 0.855
-0.178508 0.380845 -0.897422 0.773275 0.472502 0.1805 -0.379 0.9076
-0.350157 0.380845 -0.845353 0.772568 0.52838 0.3541 -0.379 0.855
-0.371724 0.194153 -0.897422 0.837963 0.535216 0.3755 -0.1931 0.9065
-0.189503 0.194153 -0.952698 0.838709 0.466243 0.1914 -0.1931 0.9623
-0.371724 0.194153 -0.897422 0.837963 0.535216 0.3755 -0.1931 0.9065
-0.379007 -0 -0.915003 0.916245 0.543327 0.3827 -0.0099 0.9238
-0.193216 -0 -0.971362 0.916538 0.458637 0.1951 -0.0099 0.9807
-0 0.990393 -0 0.490902 0.496213 -0 -1 0
-0.073941 0.976074 -0.178508 0.53237 0.501396 0.0729 -0.9817 0.176
-0.037695 0.976074 -0.189504 0.53258 0.493198 0.0372 -0.9817 0.1869
-0.379007 -0 -0.915003 0.916245 0.543327 0.3827 -0.0099 0.9238
-0.374152 -0.162575 -0.903282 0.994814 0.551493 0.3815 0.0778 0.9211
-0.190741 -0.162575 -0.958919 0.994814 0.450956 0.1945 0.0778 0.9778
-0.457502 0.552901 -0.6847 0.706282 0.565986 0.4636 -0.5509 0.6939
-0.508349 0.380845 -0.760797 0.76083 0.583081 0.5141 -0.379 0.7694
-0.350157 0.380845 -0.845353 0.772568 0.52838 0.3541 -0.379 0.855
-0.508349 0.380845 -0.760797 0.76083 0.583081 0.5141 -0.379 0.7694
-0.53966 0.194153 -0.807658 0.823222 0.602485 0.5451 -0.1931 0.8158
-0.371724 0.194153 -0.897422 0.837963 0.535216 0.3755 -0.1931 0.9065
-0.53966 0.194153 -0.807658 0.823222 0.602485 0.5451 -0.1931 0.8158
-0.550233 -0 -0.823481 0.899214 0.626607 0.5555 -0.0099 0.8314
-0.379007 -0 -0.915003 0.916245 0.543327 0.3827 -0.0099 0.9238
-0 0.990393 -0 0.490902 0.496213 -0 -1 0
-0.107345 0.976074 -0.160653 0.530561 0.509396 0.1059 -0.9817 0.1584
-0.073941 0.976074 -0.178508 0.53237 0.501396 0.0729 -0.9817 0.176
-0.550233 -0 -0.823481 0.899214 0.626607 0.5555 -0.0099 0.8314
-0.543184 -0.162575 -0.812932 0.974369 0.650536 0.5539 0.0778 0.8289
-0.374152 -0.162575 -0.903282 0.994814 0.551493 0.3815 0.0778 0.9211
-0.107345 0.976074 -0.160653 0.530561 0.509396 0.1059 -0.9817 0.1584
-0.210565 0.919442 -0.315133 0.570833 0.522639 0.2164 -0.921 0.3238
-0.14504 0.919442 -0.350157 0.574448 0.506503 0.149 -0.921 0.3598
-0.210565 0.919442 -0.315133 0.570833 0.522639 0.2164 -0.921 0.3238
-0.305693 0.827475 -0.457502 0.612776 0.536245 0.312 -0.8274 0.4669
-0.210565 0.827475 -0.508349 0.618232 0.51162 0.2149 -0.8274 0.5188
-0.305693 0.827475 -0.457502 0.612776 0.536245 0.312 -0.8274 0.4669
-0.389073 0.70371 -0.582289 0.657487 0.550554 0.3955 -0.7024 0.5918
-0.267998 0.70371 -0.647005 0.664862 0.516864 0.2724 -0.7024 0.6576
-0.389073 0.70371 -0.582289 0.657487 0.550554 0.3955 -0.7024 0.5918
-0.457502 0.552901 -0.6847 0.706282 0.565986 0.4636 -0.5509 0.6939
-0.315132 0.552901 -0.760797 0.715713 0.522382 0.3194 -0.5509 0.771
-0.267998 0.919442 -0.267998 0.564125 0.537756 0.2754 -0.921 0.2754
-0.389073 0.827475 -0.389073 0.60259 0.559325 0.3971 -0.8274 0.3971
-0.305693 0.827475 -0.457502 0.612776 0.536245 0.312 -0.8274 0.4669
-0.389073 0.827475 -0.389073 0.60259 0.559325 0.3971 -0.8274 0.3971
-0.495196 0.70371 -0.495196 0.643629 0.582146 0.5033 -0.7024 0.5033
-0.389073 0.70371 -0.582289 0.657487 0.550554 0.3955 -0.7024 0.5918
-0.495196 0.70371 -0.495196 0.643629 0.582146 0.5033 -0.7024 0.5033
-0.582289 0.552901 -0.582289 0.688461 0.606901 0.5901 -0.5509 0.5901
-0.457502 0.552901 -0.6847 0.706282 0.565986 0.4636 -0.5509 0.6939
-0.582289 0.552901 -0.582289 0.688461 0.606901 0.5901 -0.5509 0.5901
-0.647005 0.380845 -0.647005 0.738681 0.634482 0.6544 -0.379 0.6544
-0.508349 0.380845 -0.760797 0.76083 0.583081 0.5141 -0.379 0.7694
-0.647005 0.380845 -0.647005 0.738681 0.634482 0.6544 -0.379 0.6544
-0.686857 0.194153 -0.686857 0.79654 0.666073 0.6938 -0.1931 0.6938
-0.53966 0.194153 -0.807658 0.823222 0.602485 0.5451 -0.1931 0.8158
-0.686857 0.194153 -0.686857 0.79654 0.666073 0.6938 -0.1931 0.6938
-0.700313 -0 -0.700313 0.864864 0.704299 0.7071 -0.0099 0.7071
-0.550233 -0 -0.823481 0.899214 0.626607 0.5555 -0.0099 0.8314
-0 0.990393 -0 0.490902 0.496213 -0 -1 0
-0.136624 0.976074 -0.136624 0.527222 0.516888 0.1347 -0.9817 0.1347
-0.107345 0.976074 -0.160653 0.530561 0.509396 0.1059 -0.9817 0.1584
-0.700313 -0 -0.700313 0.864864 0.704299 0.7071 -0.0099 0.7071
-0.691342 -0.162575 -0.691342 0.933613 0.742937 0.705 0.0778 0.705
-0.543184 -0.162575 -0.812932 0.974369 0.650536 0.5539 0.0778 0.8289
-0.136624 0.976074 -0.136624 0.527222 0.516888 0.1347 -0.9817 0.1347
-0.267998 0.919442 -0.267998 0.564125 0.537756 0.2754 -0.921 0.2754
-0.210565 0.919442 -0.315133 0.570833 0.522639 0.2164 -0.921 0.3238
-0.760797 0.380845 -0.508349 0.706781 0.680497 0.7694 -0.379 0.5141
-0.807658 0.194153 -0.53966 0.757563 0.72335 0.8158 -0.1931 0.5451
-0.686857 0.194153 -0.686857 0.79654 0.666073 0.6938 -0.1931 0.6938
-0.807658 0.194153 -0.53966 0.757563 0.72335 0.8158 -0.1931 0.5451
-0.823481 -0 -0.550232 0.816082 0.773337 0.8314 -0.0099 0.5555
-0.700313 -0 -0.700313 0.864864 0.704299 0.7071 -0.0099 0.7071
-0 0.990393 -0 0.490902 0.496213 -0 -1 0
-0.160653 0.976074 -0.107345 0.522484 0.523581 0.1584 -0.9817 0.1059
-0.136624 0.976074 -0.136624 0.527222 0.516888 0.1347 -0.9817 0.1347
-0.823481 -0 -0.550232 0.816082 0.773337 0.8314 -0.0099 0.5555
-0.812932 -0.162575 -0.543184 0.875951 0.824553 0.8289 0.0778 0.5539
-0.691342 -0.162575 -0.691342 0.933613 0.742937 0.705 0.0778 0.705
-0.160653 0.976074 -0.107345 0.522484 0.523581 0.1584 -0.9817 0.1059
-0.315133 0.919442 -0.210565 0.554586 0.551265 0.3238 -0.921 0.2164
-0.267998 0.919442 -0.267998 0.564125 0.537756 0.2754 -0.921 0.2754
-0.315133 0.919442 -0.210565 0.554586 0.551265 0.3238 -0.921 0.2164
-0.457502 0.827475 -0.305693 0.588072 0.579955 0.4669 -0.8274 0.312
-0.389073 0.827475 -0.389073 0.60259 0.559325 0.3971 -0.8274 0.3971
-0.457502 0.827475 -0.305693 0.588072 0.579955 0.4669 -0.8274 0.312
-0.582289 0.70371 -0.389073 0.623828 0.610394 0.5918 -0.7024 0.3955
-0.495196 0.70371 -0.495196 0.643629 0.582146 0.5033 -0.7024 0.5033
-0.582289 0.70371 -0.389073 0.623828 0.610394 0.5918 -0.7024 0.3955
-0.684699 0.552901 -0.457502 0.662923 0.643494 0.6939 -0.5509 0.4636
-0.582289 0.552901 -0.582289 0.688461 0.606901 0.5901 -0.5509 0.5901
-0.684699 0.552901 -0.457502 0.662923 0.643494 0.6939 -0.5509 0.4636
-0.760797 0.380845 -0.508349 0.706781 0.680497 0.7694 -0.379 0.5141
-0.647005 0.380845 -0.647005 0.738681 0.634482 0.6544 -0.379 0.6544
-0.508348 0.827475 -0.210565 0.569791 0.597331 0.5188 -0.8274 0.2149
-0.647005 0.70371 -0.267998 0.59886 0.634188 0.6576 -0.7024 0.2724
-0.582289 0.70371 -0.389073 0.623828 0.610394 0.5918 -0.7024 0.3955
-0.647005 0.70371 -0.267998 0.59886 0.634188 0.6576 -0.7024 0.2724
-0.760797 0.552901 -0.315133 0.630654 0.674311 0.771 -0.5509 0.3194
-0.684699 0.552901 -0.457502 0.662923 0.643494 0.6939 -0.5509 0.4636
-0.760797 0.552901 -0.315133 0.630654 0.674311 0.771 -0.5509 0.3194
-0.845353 0.380845 -0.350157 0.666272 0.71915 0.855 -0.379 0.3541
-0.760797 0.380845 -0.508349 0.706781 0.680497 0.7694 -0.379 0.5141
-0.845353 0.380845 -0.350157 0.666272 0.71915 0.855 -0.379 0.3541
-0.897422 0.194153 -0.371724 0.707174 0.770792 0.9065 -0.1931 0.3755
-0.807658 0.194153 -0.53966 0.757563 0.72335 0.8158 -0.1931 0.5451
-0.897422 0.194153 -0.371724 0.707174 0.770792 0.9065 -0.1931 0.3755
-0.915003 -0 -0.379006 0.755556 0.832183 0.9238 -0.0099 0.3827
-0.823481 -0 -0.550232 0.816082 0.773337 0.8314 -0.0099 0.5555
-0 0.990393 -0 0.490902 0.496213 -0 -1 0
-0.178508 0.976074 -0.073941 0.516528 0.529218 0.176 -0.9817 0.0729
-0.160653 0.976074 -0.107345 0.522484 0.523581 0.1584 -0.9817 0.1059
-0.915003 -0 -0.379006 0.755556 0.832183 0.9238 -0.0099 0.3827
-0.903282 -0.162575 -0.374152 0.804292 0.893862 0.9211 0.0778 0.3815
-0.812932 -0.162575 -0.543184 0.875951 0.824553 0.8289 0.0778 0.5539
-0.178508 0.976074 -0.073941 0.516528 0.529218 0.176 -0.9817 0.0729
-0.350157 0.919442 -0.14504 0.542588 0.562641 0.3598 -0.921 0.149
-0.315133 0.919442 -0.210565 0.554586 0.551265 0.3238 -0.921 0.2164
-0.350157 0.919442 -0.14504 0.542588 0.562641 0.3598 -0.921 0.149
-0.508348 0.827475 -0.210565 0.569791 0.597331 0.5188 -0.8274 0.2149
-0.457502 0.827475 -0.305693 0.588072 0.579955 0.4669 -0.8274 0.312
-0.952698 0.194153 -0.189503 0.648705 0.807123 0.9623 -0.1931 0.1914
-0.971362 -0 -0.193216 0.68439 0.878092 0.9807 -0.0099 0.1951
-0.915003 -0 -0.379006 0.755556 0.832183 0.9238 -0.0099 0.3827
-0 0.990393 -0 0.490902 0.496213 -0 -1 0
-0.189503 0.976074 -0.037695 0.509587 0.533581 0.1869 -0.9817 0.0372
-0.178508 0.976074 -0.073941 0.516528 0.529218 0.176 -0.9817 0.0729
-0.971362 -0 -0.193216 0.68439 0.878092 0.9807 -0.0099 0.1951
-0.958919 -0.162575 -0.190741 0.719754 0.948239 0.9778 0.0778 0.1945
-0.903282 -0.162575 -0.374152 0.804292 0.893862 0.9211 0.0778 0.3815
-0.189503 0.976074 -0.037695 0.509587 0.533581 0.1869 -0.9817 0.0372
-0.371724 0.919442 -0.073941 0.528598 0.571444 0.382 -0.921 0.076
-0.350157 0.919442 -0.14504 0.542588 0.562641 0.3598 -0.921 0.149
-0.371724 0.919442 -0.073941 0.528598 0.571444 0.382 -0.921 0.076
-0.53966 0.827475 -0.107345 0.548463 0.610774 0.5508 -0.8274 0.1096
-0.508348 0.827475 -0.210565 0.569791 0.597331 0.5188 -0.8274 0.2149
-0.53966 0.827475 -0.107345 0.548463 0.610774 0.5508 -0.8274 0.1096
-0.686857 0.70371 -0.136624 0.569711 0.652597 0.6981 -0.7024 0.1389
-0.647005 0.70371 -0.267998 0.59886 0.634188 0.6576 -0.7024 0.2724
-0.686857 0.70371 -0.136624 0.569711 0.652597 0.6981 -0.7024 0.1389
-0.807658 0.552901 -0.160653 0.592957 0.698154 0.8185 -0.5509 0.1628
-0.760797 0.552901 -0.315133 0.630654 0.674311 0.771 -0.5509 0.3194
-0.807658 0.552901 -0.160653 0.592957 0.698154 0.8185 -0.5509 0.1628
-0.897422 0.380845 -0.178508 0.618969 0.749021 0.9076 -0.379 0.1805
-0.845353 0.380845 -0.350157 0.666272 0.71915 0.855 -0.379 0.3541
-0.897422 0.380845 -0.178508 0.618969 0.749021 0.9076 -0.379 0.1805
-0.952698 0.194153 -0.189503 0.648705 0.807123 0.9623 -0.1931 0.1914
-0.897422 0.194153 -0.371724 0.707174 0.770792 0.9065 -0.1931 0.3755
-0.550232 0.827475 -0 0.524929 0.619764 0.5616 -0.8274 0
-0.700313 0.70371 -0 0.537538 0.664907 0.7118 -0.7024 0
-0.686857 0.70371 -0.136624 0.569711 0.652597 0.6981 -0.7024 0.1389
-0.700313 0.70371 -0 0.537538 0.664907 0.7118 -0.7024 0
-0.823481 0.552901 -0 0.551353 0.714108 0.8345 -0.5509 0
-0.807658 0.552901 -0.160653 0.592957 0.698154 0.8185 -0.5509 0.1628
-0.823481 0.552901 -0 0.551353 0.714108 0.8345 -0.5509 0
-0.915003 0.380845 0 0.566834 0.769127 0.9254 -0.379 0
-0.897422 0.380845 -0.178508 0.618969 0.749021 0.9076 -0.379 0.1805
-0.915003 0.380845 0 0.566834 0.769127 0.9254 -0.379 0
-0.971362 0.194153 0 0.584682 0.832403 0.9812 -0.1931 0
-0.952698 0.194153 -0.189503 0.648705 0.807123 0.9623 -0.1931 0.1914
-0.971362 0.194153 0 0.584682 0.832403 0.9812 -0.1931 0
-0.990392 -0 0 0.605084 0.907874 1 -0.0099 0
-0.971362 -0 -0.193216 0.68439 0.878092 0.9807 -0.0099 0.1951
-0 0.990393 -0 0.490902 0.496213 -0 -1 0
-0.193216 0.976074 -0 0.50193 0.536502 0.1905 -0.9817 0
-0.189503 0.976074 -0.037695 0.509587 0.533581 0.1869 -0.9817 0.0372
-0.990392 -0 0 0.605084 0.907874 1 -0.0099 0
-0.977705 -0.162575 0 0.625583 0.983869 0.997 0.0778 0
-0.958919 -0.162575 -0.190741 0.719754 0.948239 0.9778 0.0778 0.1945
-0.193216 0.976074 -0 0.50193 0.536502 0.1905 -0.9817 0
-0.379007 0.919442 -0 0.513164 0.577333 0.3894 -0.921 0
-0.371724 0.919442 -0.073941 0.528598 0.571444 0.382 -0.921 0.076
-0.379007 0.919442 -0 0.513164 0.577333 0.3894 -0.921 0
-0.550232 0.827475 -0 0.524929 0.619764 0.5616 -0.8274 0
-0.53966 0.827475 -0.107345 0.548463 0.610774 0.5508 -0.8274 0.1096
-0.952698 0.194153 0.189503 0.516669 0.844447 0.9623 -0.1931 -0.1914
-0.971362 -0 0.193216 0.521774 0.921338 0.9807 -0.0099 -0.1951
-0.990392 -0 0 0.605084 0.907874 1 -0.0099 0
-0 0.990393 -0 0.490902 0.496213 -0 -1 0
-0.189503 0.976074 0.037694 0.493853 0.537869 0.1869 -0.9817 -0.0372
-0.193216 0.976074 -0 0.50193 0.536502 0.1905 -0.9817 0
-0.971362 -0 0.193216 0.521774 0.921338 0.9807 -0.0099 -0.1951
-0.958919 -0.162575 0.190741 0.526927 0.9999 0.9778 0.0778 -0.1945
-0.977705 -0.162575 0 0.625583 0.983869 0.997 0.0778 0
-0.189503 0.976074 0.037694 0.493853 0.537869 0.1869 -0.9817 -0.0372
-0.371724 0.919442 0.073941 0.496886 0.580085 0.382 -0.921 -0.076
-0.379007 0.919442 -0 0.513164 0.577333 0.3894 -0.921 0
-0.371724 0.919442 0.073941 0.496886 0.580085 0.382 -0.921 -0.076
-0.53966 0.827475 0.107345 0.50011 0.623961 0.5508 -0.8274 -0.1096
-0.550232 0.827475 -0 0.524929 0.619764 0.5616 -0.8274 0
-0.53966 0.827475 0.107345 0.50011 0.623961 0.5508 -0.8274 -0.1096
-0.686857 0.70371 0.136624 0.503613 0.670649 0.6981 -0.7024 -0.1389
-0.700313 0.70371 -0 0.537538 0.664907 0.7118 -0.7024 0
-0.686857 0.70371 0.136624 0.503613 0.670649 0.6981 -0.7024 -0.1389
-0.807658 0.552901 0.160653 0.507484 0.721543 0.8185 -0.5509 -0.1628
-0.823481 0.552901 -0 0.551353 0.714108 0.8345 -0.5509 0
-0.807658 0.552901 0.160653 0.507484 0.721543 0.8185 -0.5509 -0.1628
-0.897422 0.380845 0.178508 0.511819 0.778504 0.9076 -0.379 -0.1805
-0.915003 0.380845 0 0.566834 0.769127 0.9254 -0.379 0
-0.897422 0.380845 0.178508 0.511819 0.778504 0.9076 -0.379 -0.1805
-0.952698 0.194153 0.189503 0.516669 0.844447 0.9623 -0.1931 -0.1914
-0.971362 0.194153 0 0.584682 0.832403 0.9812 -0.1931 0
-0.647005 0.70371 0.267998 0.469267 0.669615 0.6576 -0.7024 -0.2724
-0.760797 0.552901 0.315132 0.463069 0.720179 0.771 -0.5509 -0.3194
-0.807658 0.552901 0.160653 0.507484 0.721543 0.8185 -0.5509 -0.1628
-0.760797 0.552901 0.315132 0.463069 0.720179 0.771 -0.5509 -0.3194
-0.845353 0.380845 0.350157 0.456117 0.77665 0.855 -0.379 -0.3541
-0.897422 0.380845 0.178508 0.511819 0.778504 0.9076 -0.379 -0.1805
-0.845353 0.380845 0.350157 0.456117 0.77665 0.855 -0.379 -0.3541
-0.897421 0.194153 0.371724 0.448049 0.8412 0.9065 -0.1931 -0.3755
-0.952698 0.194153 0.189503 0.516669 0.844447 0.9623 -0.1931 -0.1914
-0.897421 0.194153 0.371724 0.448049 0.8412 0.9065 -0.1931 -0.3755
-0.915003 -0 0.379007 0.43744 0.919357 0.9238 -0.0099 -0.3827
-0.971362 -0 0.193216 0.521774 0.921338 0.9807 -0.0099 -0.1951
-0 0.990393 -0 0.490902 0.496213 -0 -1 0
-0.178508 0.976074 0.07394 0.485668 0.537633 0.176 -0.9817 -0.0729
-0.189503 0.976074 0.037694 0.493853 0.537869 0.1869 -0.9817 -0.0372
-0.915003 -0 0.379007 0.43744 0.919357 0.9238 -0.0099 -0.3827
-0.903282 -0.162575 0.374152 0.427047 0.996852 0.9211 0.0778 -0.3815
-0.958919 -0.162575 0.190741 0.526927 0.9999 0.9778 0.0778 -0.1945
-0.178508 0.976074 0.07394 0.485668 0.537633 0.176 -0.9817 -0.0729
-0.350157 0.919442 0.14504 0.480398 0.5796 0.3598 -0.921 -0.149
-0.371724 0.919442 0.073941 0.496886 0.580085 0.382 -0.921 -0.076
-0.350157 0.919442 0.14504 0.480398 0.5796 0.3598 -0.921 -0.149
-0.508348 0.827475 0.210565 0.474979 0.623212 0.5188 -0.8274 -0.2149
-0.53966 0.827475 0.107345 0.50011 0.623961 0.5508 -0.8274 -0.1096
-0.508348 0.827475 0.210565 0.474979 0.623212 0.5188 -0.8274 -0.2149
-0.647005 0.70371 0.267998 0.469267 0.669615 0.6576 -0.7024 -0.2724
-0.686857 0.70371 0.136624 0.503613 0.670649 0.6981 -0.7024 -0.1389
-0 0.990393 -0 0.490902 0.496213 -0 -1 0
-0.160653 0.976074 0.107345 0.477692 0.535804 0.1584 -0.9817 -0.1059
-0.178508 0.976074 0.07394 0.485668 0.537633 0.176 -0.9817 -0.0729
-0.82348 -0 0.550232 0.355608 0.899433 0.8314 -0.0099 -0.5555
-0.812932 -0.162575 0.543184 0.329717 0.973217 0.8289 0.0778 -0.5539
-0.903282 -0.162575 0.374152 0.427047 0.996852 0.9211 0.0778 -0.3815
-0.160653 0.976074 0.107345 0.477692 0.535804 0.1584 -0.9817 -0.1059
-0.315132 0.919442 0.210565 0.464338 0.575904 0.3238 -0.921 -0.2164
-0.350157 0.919442 0.14504 0.480398 0.5796 0.3598 -0.921 -0.149
-0.315132 0.919442 0.210565 0.464338 0.575904 0.3238 -0.921 -0.2164
-0.457501 0.827475 0.305693 0.450512 0.617565 0.4669 -0.8274 -0.312
-0.508348 0.827475 0.210565 0.474979 0.623212 0.5188 -0.8274 -0.2149
-0.457501 0.827475 0.305693 0.450512 0.617565 0.4669 -0.8274 -0.312
-0.582289 0.70371 0.389073 0.435846 0.661879 0.5918 -0.7024 -0.3955
-0.647005 0.70371 0.267998 0.469267 0.669615 0.6576 -0.7024 -0.2724
-0.582289 0.70371 0.389073 0.435846 0.661879 0.5918 -0.7024 -0.3955
-0.684699 0.552901 0.457501 0.419878 0.710147 0.6939 -0.5509 -0.4636
-0.760797 0.552901 0.315132 0.463069 0.720179 0.771 -0.5509 -0.3194
-0.684699 0.552901 0.457501 0.419878 0.710147 0.6939 -0.5509 -0.4636
-0.760797 0.380845 0.508348 0.401993 0.764049 0.7694 -0.379 -0.5141
-0.845353 0.380845 0.350157 0.456117 0.77665 0.855 -0.379 -0.3541
-0.760797 0.380845 0.508348 0.401993 0.764049 0.7694 -0.379 -0.5141
-0.807658 0.194153 0.53966 0.381327 0.825929 0.8158 -0.1931 -0.5451
-0.897421 0.194153 0.371724 0.448049 0.8412 0.9065 -0.1931 -0.3755
-0.807658 0.194153 0.53966 0.381327 0.825929 0.8158 -0.1931 -0.5451
-0.82348 -0 0.550232 0.355608 0.899433 0.8314 -0.0099 -0.5555
-0.915003 -0 0.379007 0.43744 0.919357 0.9238 -0.0099 -0.3827
-0.495196 0.70371 0.495196 0.40465 0.647774 0.5033 -0.7024 -0.5033
-0.582289 0.552901 0.582289 0.37959 0.691881 0.5901 -0.5509 -0.5901
-0.684699 0.552901 0.457501 0.419878 0.710147 0.6939 -0.5509 -0.4636
-0.582289 0.552901 0.582289 0.37959 0.691881 0.5901 -0.5509 -0.5901
-0.647005 0.380845 0.647005 0.351536 0.741108 0.6544 -0.379 -0.6544
-0.760797 0.380845 0.508348 0.401993 0.764049 0.7694 -0.379 -0.5141
-0.647005 0.380845 0.647005 0.351536 0.741108 0.6544 -0.379 -0.6544
-0.686857 0.194153 0.686857 0.31915 0.797576 0.6938 -0.1931 -0.6938
-0.807658 0.194153 0.53966 0.381327 0.825929 0.8158 -0.1931 -0.5451
-0.686857 0.194153 0.686857 0.31915 0.797576 0.6938 -0.1931 -0.6938
-0.700312 -0 0.700313 0.279668 0.863991 0.7071 -0.0099 -0.7071
-0.82348 -0 0.550232 0.355608 0.899433 0.8314 -0.0099 -0.5555
-0 0.990393 -0 0.490902 0.496213 -0 -1 0
-0.136624 0.976074 0.136624 0.470229 0.532455 0.1347 -0.9817 -0.1347
-0.160653 0.976074 0.107345 0.477692 0.535804 0.1584 -0.9817 -0.1059
-0.700312 -0 0.700313 0.279668 0.863991 0.7071 -0.0099 -0.7071
-0.691342 -0.162575 0.691342 0.23984 0.930726 0.705 0.0778 -0.705
-0.812932 -0.162575 0.543184 0.329717 0.973217 0.8289 0.0778 -0.5539
-0.136624 0.976074 0.136624 0.470229 0.532455 0.1347 -0.9817 -0.1347
-0.267998 0.919442 0.267998 0.449325 0.569151 0.2754 -0.921 -0.2754
-0.315132 0.919442 0.210565 0.464338 0.575904 0.3238 -0.921 -0.2164
-0.267998 0.919442 0.267998 0.449325 0.569151 0.2754 -0.921 -0.2754
-0.389073 0.827475 0.389073 0.427658 0.607258 0.3971 -0.8274 -0.3971
-0.457501 0.827475 0.305693 0.450512 0.617565 0.4669 -0.8274 -0.312
-0.389073 0.827475 0.389073 0.427658 0.607258 0.3971 -0.8274 -0.3971
-0.495196 0.70371 0.495196 0.40465 0.647774 0.5033 -0.7024 -0.5033
-0.582289 0.70371 0.389073 0.435846 0.661879 0.5918 -0.7024 -0.3955
-0.550232 -0 0.823481 0.212623 0.814586 0.5555 -0.0099 -0.8314
-0.543184 -0.162575 0.812932 0.160796 0.871708 0.5539 0.0778 -0.8289
-0.691342 -0.162575 0.691342 0.23984 0.930726 0.705 0.0778 -0.705
-0.107345 0.976074 0.160653 0.463567 0.527718 0.1059 -0.9817 -0.1584
-0.210565 0.919442 0.315132 0.435932 0.559608 0.2164 -0.921 -0.3238
-0.267998 0.919442 0.267998 0.449325 0.569151 0.2754 -0.921 -0.2754
-0.210565 0.919442 0.315132 0.435932 0.559608 0.2164 -0.921 -0.3238
-0.305693 0.827475 0.457501 0.40729 0.592711 0.312 -0.8274 -0.4669
-0.389073 0.827475 0.389073 0.427658 0.607258 0.3971 -0.8274 -0.3971
-0.305693 0.827475 0.457501 0.40729 0.592711 0.312 -0.8274 -0.4669
-0.389073 0.70371 0.582289 0.376877 0.627886 0.3955 -0.7024 -0.5918
-0.495196 0.70371 0.495196 0.40465 0.647774 0.5033 -0.7024 -0.5033
-0.389073 0.70371 0.582289 0.376877 0.627886 0.3955 -0.7024 -0.5918
-0.457501 0.552901 0.684699 0.343762 0.666149 0.4636 -0.5509 -0.6939
-0.582289 0.552901 0.582289 0.37959 0.691881 0.5901 -0.5509 -0.5901
-0.457501 0.552901 0.684699 0.343762 0.666149 0.4636 -0.5509 -0.6939
-0.508348 0.380845 0.760797 0.306718 0.708806 0.5141 -0.379 -0.7694
-0.647005 0.380845 0.647005 0.351536 0.741108 0.6544 -0.379 -0.6544
-0.508348 0.380845 0.760797 0.306718 0.708806 0.5141 -0.379 -0.7694
-0.53966 0.194153 0.807658 0.264034 0.757643 0.5451 -0.193 -0.8158
-0.686857 0.194153 0.686857 0.31915 0.797576 0.6938 -0.1931 -0.6938
-0.53966 0.194153 0.807658 0.264034 0.757643 0.5451 -0.193 -0.8158
-0.550232 -0 0.823481 0.212623 0.814586 0.5555 -0.0099 -0.8314
-0.700312 -0 0.700313 0.279668 0.863991 0.7071 -0.0099 -0.7071
-0 0.990393 -0 0.490902 0.496213 -0 -1 0
-0.107345 0.976074 0.160653 0.463567 0.527718 0.1059 -0.9817 -0.1584
-0.136624 0.976074 0.136624 0.470229 0.532455 0.1347 -0.9817 -0.1347
-0.315132 0.552901 0.760797 0.31375 0.634012 0.3194 -0.5509 -0.771
-0.350156 0.380845 0.845353 0.269231 0.66851 0.3541 -0.379 -0.855
-0.508348 0.380845 0.760797 0.306718 0.708806 0.5141 -0.379 -0.7694
-0.350156 0.380845 0.845353 0.269231 0.66851 0.3541 -0.379 -0.855
-0.371724 0.194153 0.897421 0.217999 0.707951 0.3755 -0.193 -0.9065
-0.53966 0.194153 0.807658 0.264034 0.757643 0.5451 -0.193 -0.8158
-0.371724 0.194153 0.897421 0.217999 0.707951 0.3755 -0.193 -0.9065
-0.379006 -0 0.915003 0.15696 0.753408 0.3827 -0.0099 -0.9238
-0.550232 -0 0.823481 0.212623 0.814586 0.5555 -0.0099 -0.8314
-0 0.990393 -0 0.490902 0.496213 -0 -1 0
-0.073941 0.976074 0.178508 0.457959 0.521778 0.0729 -0.9817 -0.176
-0.107345 0.976074 0.160653 0.463567 0.527718 0.1059 -0.9817 -0.1584
-0.379006 -0 0.915003 0.15696 0.753408 0.3827 -0.0099 -0.9238
-0.374151 -0.162575 0.903282 0.095473 0.798858 0.3815 0.0778 -0.9211
-0.543184 -0.162575 0.812932 0.160796 0.871708 0.5539 0.0778 -0.8289
-0.073941 0.976074 0.178508 0.457959 0.521778 0.0729 -0.9817 -0.176
-0.145039 0.919442 0.350156 0.424668 0.547652 0.149 -0.921 -0.3598
-0.210565 0.919442 0.315132 0.435932 0.559608 0.2164 -0.921 -0.3238
-0.145039 0.919442 0.350156 0.424668 0.547652 0.149 -0.921 -0.3598
-0.210565 0.827475 0.508348 0.390179 0.574504 0.2149 -0.8274 -0.5188
-0.305693 0.827475 0.457501 0.40729 0.592711 0.312 -0.8274 -0.4669
-0.210565 0.827475 0.508348 0.390179 0.574504 0.2149 -0.8274 -0.5188
-0.267998 0.70371 0.647005 0.353577 0.603022 0.2724 -0.7024 -0.6576
-0.389073 0.70371 0.582289 0.376877 0.627886 0.3955 -0.7024 -0.5918
-0.267998 0.70371 0.647005 0.353577 0.603022 0.2724 -0.7024 -0.6576
-0.315132 0.552901 0.760797 0.31375 0.634012 0.3194 -0.5509 -0.771
-0.457501 0.552901 0.684699 0.343762 0.666149 0.4636 -0.5509 -0.6939
-0.07394 0.919442 0.371724 0.415955 0.533747 0.076 -0.921 -0.382
-0.107345 0.827475 0.53966 0.376961 0.553353 0.1096 -0.8274 -0.5508
-0.210565 0.827475 0.508348 0.390179 0.574504 0.2149 -0.8274 -0.5188
-0.107345 0.827475 0.53966 0.376961 0.553353 0.1096 -0.8274 -0.5508
-0.136624 0.70371 0.686857 0.335609 0.574169 0.1389 -0.7024 -0.6981
-0.267998 0.70371 0.647005 0.353577 0.603022 0.2724 -0.7024 -0.6576
-0.136624 0.70371 0.686857 0.335609 0.574169 0.1389 -0.7024 -0.6981
-0.160653 0.552901 0.807658 0.290659 0.596766 0.1628 -0.5509 -0.8185
-0.315132 0.552901 0.760797 0.31375 0.634012 0.3194 -0.5509 -0.771
-0.160653 0.552901 0.807658 0.290659 0.596766 0.1628 -0.5509 -0.8185
-0.178508 0.380845 0.897422 0.240469 0.621879 0.1805 -0.379 -0.9076
-0.350156 0.380845 0.845353 0.269231 0.66851 0.3541 -0.379 -0.855
-0.178508 0.380845 0.897422 0.240469 0.621879 0.1805 -0.379 -0.9076
-0.189503 0.194153 0.952698 0.182517 0.650604 0.1914 -0.193 -0.9623
-0.371724 0.194153 0.897421 0.217999 0.707951 0.3755 -0.193 -0.9065
-0.189503 0.194153 0.952698 0.182517 0.650604 0.1914 -0.193 -0.9623
-0.193215 -0 0.971362 0.114607 0.683064 0.1951 -0.0099 -0.9807
-0.379006 -0 0.915003 0.15696 0.753408 0.3827 -0.0099 -0.9238
-0 0.990393 -0 0.490902 0.496213 -0 -1 0
-0.037695 0.976074 0.189503 0.453617 0.514862 0.0372 -0.9817 -0.1869
-0.073941 0.976074 0.178508 0.457959 0.521778 0.0729 -0.9817 -0.176
-0.193215 -0 0.971362 0.114607 0.683064 0.1951 -0.0099 -0.9807
-0.190741 -0.162575 0.958919 0.0462 0.715412 0.1945 0.0778 -0.9778
-0.374151 -0.162575 0.903282 0.095473 0.798858 0.3815 0.0778 -0.9211
-0.037695 0.976074 0.189503 0.453617 0.514862 0.0372 -0.9817 -0.1869
-0.07394 0.919442 0.371724 0.415955 0.533747 0.076 -0.921 -0.382
-0.145039 0.919442 0.350156 0.424668 0.547652 0.149 -0.921 -0.3598
0 0.380845 0.915003 0.220619 0.570982 -0 -0.379 -0.9254
0 0.194153 0.971362 0.159413 0.587639 -0 -0.1931 -0.9812
-0.189503 0.194153 0.952698 0.182517 0.650604 0.1914 -0.193 -0.9623
0 0.194153 0.971362 0.159413 0.587639 -0 -0.1931 -0.9812
0 -0 0.990392 0.086997 0.606609 -0 -0.0099 -1
-0.193215 -0 0.971362 0.114607 0.683064 0.1951 -0.0099 -0.9807
-0 0.990393 -0 0.490902 0.496213 -0 -1 0
-0 0.976074 0.193216 0.450677 0.507242 -0 -0.9817 -0.1905
-0.037695 0.976074 0.189503 0.453617 0.514862 0.0372 -0.9817 -0.1869
0 -0 0.990392 0.086997 0.606609 -0 -0.0099 -1
0 -0.162575 0.977705 0.01441 0.625214 -0 0.0778 -0.997
-0.190741 -0.162575 0.958919 0.0462 0.715412 0.1945 0.0778 -0.9778
-0 0.976074 0.193216 0.450677 0.507242 -0 -0.9817 -0.1905
0 0.919442 0.379007 0.40999 0.518458 -0 -0.921 -0.3894
-0.07394 0.919442 0.371724 0.415955 0.533747 0.076 -0.921 -0.382
0 0.919442 0.379007 0.40999 0.518458 -0 -0.921 -0.3894
0 0.827475 0.550233 0.367823 0.530146 -0 -0.8274 -0.5616
-0.107345 0.827475 0.53966 0.376961 0.553353 0.1096 -0.8274 -0.5508
0 0.827475 0.550233 0.367823 0.530146 -0 -0.8274 -0.5616
0 0.70371 0.700313 0.323107 0.542583 -0 -0.7024 -0.7118
-0.136624 0.70371 0.686857 0.335609 0.574169 0.1389 -0.7024 -0.6981
0 0.70371 0.700313 0.323107 0.542583 -0 -0.7024 -0.7118
0 0.552901 0.823481 0.27457 0.556075 -0 -0.5509 -0.8345
-0.160653 0.552901 0.807658 0.290659 0.596766 0.1628 -0.5509 -0.8185
0 0.552901 0.823481 0.27457 0.556075 -0 -0.5509 -0.8345
0 0.380845 0.915003 0.220619 0.570982 -0 -0.379 -0.9254
-0.178508 0.380845 0.897422 0.240469 0.621879 0.1805 -0.379 -0.9076
