Vertex Count: 1392

Data:

8.6536 0 -49.0771 0.0292 1 0 -1 0
24.9171 0 -43.1577 0.0874 1 0 -1 0
38.1752 0 -32.0328 0.1953 1 0 -1 0
-24.9171 0 -43.1577 0.0833 1 0 -1 0
-8.6536 0 -49.0771 0.0278 1 0 -1 0
8.6536 0 -49.0771 0.0292 1 0 -1 0
-46.8288 0 -17.0443 0.3325 1 0 -1 0
-38.1752 0 -32.0328 0.1891 1 0 -1 0
-24.9171 0 -43.1577 0.0833 1 0 -1 0
-46.8288 0 -17.0443 0.3325 1 0 -1 0
-24.9171 0 -43.1577 0.0833 1 0 -1 0
8.6536 0 -49.0771 0.0292 1 0 -1 0
-46.8288 0 17.0443 0.66 1 0 -1 0
-49.8342 0 0 0.496 1 0 -1 0
-46.8288 0 -17.0443 0.3325 1 0 -1 0
-24.9171 0 43.1577 0.9126 1 0 -1 0
-38.1752 0 32.0328 0.8047 1 0 -1 0
-46.8288 0 17.0443 0.66 1 0 -1 0
-24.9171 0 43.1577 0.9126 1 0 -1 0
-46.8288 0 17.0443 0.66 1 0 -1 0
-46.8288 0 -17.0443 0.3325 1 0 -1 0
8.6536 0 49.0771 0.9722 1 0 -1 0
-8.6536 0 49.0771 0.9708 1 0 -1 0
-24.9171 0 43.1577 0.9126 1 0 -1 0
38.1752 0 32.0328 0.8611 1 0 -1 0
24.9171 0 43.1577 0.9167 1 0 -1 0
8.6536 0 49.0771 0.9722 1 0 -1 0
38.1752 0 32.0328 0.8611 1 0 -1 0
8.6536 0 49.0771 0.9722 1 0 -1 0
-24.9171 0 43.1577 0.9126 1 0 -1 0
38.1752 0 32.0328 0.8611 1 0 -1 0
-24.9171 0 43.1577 0.9126 1 0 -1 0
-46.8288 0 -17.0443 0.3325 1 0 -1 0
38.1752 0 32.0328 0.8611 1 0 -1 0
-46.8288 0 -17.0443 0.3325 1 0 -1 0
8.6536 0 -49.0771 0.0292 1 0 -1 0
49.8342 0 0 0.75 1 0 -1 0
46.8288 0 17.0443 0.8056 1 0 -1 0
38.1752 0 32.0328 0.8611 1 0 -1 0
49.8342 0 0 0.75 1 0 -1 0
38.1752 0 32.0328 0.8611 1 0 -1 0
8.6536 0 -49.0771 0.0292 1 0 -1 0
49.8342 0 0 0.75 1 0 -1 0
8.6536 0 -49.0771 0.0292 1 0 -1 0
38.1752 0 -32.0328 0.1953 1 0 -1 0
49.8342 0 0 0.75 1 0 -1 0
38.1752 0 -32.0328 0.1953 1 0 -1 0
46.8288 0 -17.0443 0.34 1 0 -1 0
46.8288 0.02 17.0443 0.8056 0.8 0.9397 -0.0001 0.342
46.8288 0 17.0443 0.8056 1 0.9397 0 0.342
49.8342 0 0 0.75 1 1 0 -0
49.8342 0 0 0.75 1 1 0 -0
49.8342 0.02 0 0.75 0.8 1 -0.0001 -0
46.8288 0.02 17.0443 0.8056 0.8 0.9397 -0.0001 0.342
38.1752 0.02 32.0328 0.8611 0.8 0.766 -0.0001 0.6428
38.1752 0 32.0328 0.8611 1 0.766 0 0.6428
46.8288 0 17.0443 0.8056 1 0.9397 0 0.342
46.8288 0 17.0443 0.8056 1 0.9397 0 0.342
46.8288 0.02 17.0443 0.8056 0.8 0.9397 -0.0001 0.342
38.1752 0.02 32.0328 0.8611 0.8 0.766 -0.0001 0.6428
24.9171 0.02 43.1577 0.9167 0.8 0.5 -0.0001 0.866
24.9171 0 43.1577 0.9167 1 0.5 0 0.866
38.1752 0 32.0328 0.8611 1 0.766 0 0.6428
38.1752 0 32.0328 0.8611 1 0.766 0 0.6428
38.1752 0.02 32.0328 0.8611 0.8 0.766 -0.0001 0.6428
24.9171 0.02 43.1577 0.9167 0.8 0.5 -0.0001 0.866
8.6536 0.02 49.0771 0.9722 0.8 0.1736 -0.0001 0.9848
8.6536 0 49.0771 0.9722 1 0.1736 0 0.9848
24.9171 0 43.1577 0.9167 1 0.5 0 0.866
24.9171 0 43.1577 0.9167 1 0.5 0 0.866
24.9171 0.02 43.1577 0.9167 0.8 0.5 -0.0001 0.866
8.6536 0.02 49.0771 0.9722 0.8 0.1736 -0.0001 0.9848
-8.6536 0.02 49.0771 0.0278 0.8 -0.1737 -0.0001 0.9848
-8.6536 0 49.0771 0.0278 1 -0.1736 0 0.9848
8.6536 0 49.0771 -0.0278 1 0.1736 0 0.9848
8.6536 0 49.0771 -0.0278 1 0.1736 0 0.9848
8.6536 0.02 49.0771 -0.0278 0.8 0.1736 -0.0001 0.9848
-8.6536 0.02 49.0771 0.0278 0.8 -0.1737 -0.0001 0.9848
-24.9171 0.02 43.1577 0.0833 0.8 -0.5 -0.0001 0.866
-24.9171 0 43.1577 0.0833 1 -0.5 0 0.866
-8.6536 0 49.0771 0.0278 1 -0.1736 0 0.9848
-8.6536 0 49.0771 0.0278 1 -0.1736 0 0.9848
-8.6536 0.02 49.0771 0.0278 0.8 -0.1737 -0.0001 0.9848
-24.9171 0.02 43.1577 0.0833 0.8 -0.5 -0.0001 0.866
-38.1752 0.02 32.0328 0.1389 0.8 -0.766 -0.0001 0.6428
-38.1752 0 32.0328 0.1389 1 -0.766 0 0.6428
-24.9171 0 43.1577 0.0833 1 -0.5 0 0.866
-24.9171 0 43.1577 0.0833 1 -0.5 0 0.866
-24.9171 0.02 43.1577 0.0833 0.8 -0.5 -0.0001 0.866
-38.1752 0.02 32.0328 0.1389 0.8 -0.766 -0.0001 0.6428
-46.8288 0.02 17.0443 0.1944 0.8 -0.9397 -0.0001 0.342
-46.8288 0 17.0443 0.1944 1 -0.9397 0 0.342
-38.1752 0 32.0328 0.1389 1 -0.766 0 0.6428
-38.1752 0 32.0328 0.1389 1 -0.766 0 0.6428
-38.1752 0.02 32.0328 0.1389 0.8 -0.766 -0.0001 0.6428
-46.8288 0.02 17.0443 0.1944 0.8 -0.9397 -0.0001 0.342
-49.8342 0.02 0 0.25 0.8 -1 -0.0001 0
-49.8342 0 0 0.25 1 -1 0 0
-46.8288 0 17.0443 0.1944 1 -0.9397 0 0.342
-46.8288 0 17.0443 0.1944 1 -0.9397 0 0.342
-46.8288 0.02 17.0443 0.1944 0.8 -0.9397 -0.0001 0.342
-49.8342 0.02 0 0.25 0.8 -1 -0.0001 0
-46.8288 0.02 -17.0443 0.3056 0.8 -0.9397 -0.0001 -0.342
-46.8288 0 -17.0443 0.3056 1 -0.9397 0 -0.342
-49.8342 0 0 0.25 1 -1 0 0
-49.8342 0 0 0.25 1 -1 0 0
-49.8342 0.02 0 0.25 0.8 -1 -0.0001 0
-46.8288 0.02 -17.0443 0.3056 0.8 -0.9397 -0.0001 -0.342
-38.1752 0.02 -32.0328 0.3611 0.8 -0.766 -0.0001 -0.6428
-38.1752 0 -32.0328 0.3611 1 -0.766 0 -0.6428
-46.8288 0 -17.0443 0.3056 1 -0.9397 0 -0.342
-46.8288 0 -17.0443 0.3056 1 -0.9397 0 -0.342
-46.8288 0.02 -17.0443 0.3056 0.8 -0.9397 -0.0001 -0.342
-38.1752 0.02 -32.0328 0.3611 0.8 -0.766 -0.0001 -0.6428
-24.9171 0.02 -43.1577 0.4167 0.8 -0.5 -0.0001 -0.866
-24.9171 0 -43.1577 0.4167 1 -0.5 0 -0.866
-38.1752 0 -32.0328 0.3611 1 -0.766 0 -0.6428
-38.1752 0 -32.0328 0.3611 1 -0.766 0 -0.6428
-38.1752 0.02 -32.0328 0.3611 0.8 -0.766 -0.0001 -0.6428
-24.9171 0.02 -43.1577 0.4167 0.8 -0.5 -0.0001 -0.866
-8.6536 0.02 -49.0771 0.4722 0.8 -0.1736 -0.0001 -0.9848
-8.6536 0 -49.0771 0.4722 1 -0.1736 0 -0.9848
-24.9171 0 -43.1577 0.4167 1 -0.5 0 -0.866
-24.9171 0 -43.1577 0.4167 1 -0.5 0 -0.866
-24.9171 0.02 -43.1577 0.4167 0.8 -0.5 -0.0001 -0.866
-8.6536 0.02 -49.0771 0.4722 0.8 -0.1736 -0.0001 -0.9848
8.6536 0.02 -49.0771 0.5278 0.8 0.1737 -0.0001 -0.9848
8.6536 0 -49.0771 0.5278 1 0.1736 0 -0.9848
-8.6536 0 -49.0771 0.4722 1 -0.1736 0 -0.9848
-8.6536 0 -49.0771 0.4722 1 -0.1736 0 -0.9848
-8.6536 0.02 -49.0771 0.4722 0.8 -0.1736 -0.0001 -0.9848
8.6536 0.02 -49.0771 0.5278 0.8 0.1737 -0.0001 -0.9848
24.9171 0.02 -43.1577 0.5833 0.8 0.5 -0 -0.866
24.9171 0 -43.1577 0.5833 1 0.5 0 -0.866
8.6536 0 -49.0771 0.5278 1 0.1736 0 -0.9848
8.6536 0 -49.0771 0.5278 1 0.1736 0 -0.9848
8.6536 0.02 -49.0771 0.5278 0.8 0.1737 -0.0001 -0.9848
24.9171 0.02 -43.1577 0.5833 0.8 0.5 -0 -0.866
38.1752 0.02 -32.0328 0.6389 0.8 0.766 -0.0001 -0.6428
38.1752 0 -32.0328 0.6389 1 0.766 0 -0.6428
24.9171 0 -43.1577 0.5833 1 0.5 0 -0.866
24.9171 0 -43.1577 0.5833 1 0.5 0 -0.866
24.9171 0.02 -43.1577 0.5833 0.8 0.5 -0 -0.866
38.1752 0.02 -32.0328 0.6389 0.8 0.766 -0.0001 -0.6428
46.8288 0.02 -17.0443 0.6944 0.8 0.9397 -0.0001 -0.342
46.8288 0 -17.0443 0.6944 1 0.9397 0 -0.342
38.1752 0 -32.0328 0.6389 1 0.766 0 -0.6428
38.1752 0 -32.0328 0.6389 1 0.766 0 -0.6428
38.1752 0.02 -32.0328 0.6389 0.8 0.766 -0.0001 -0.6428
46.8288 0.02 -17.0443 0.6944 0.8 0.9397 -0.0001 -0.342
49.8342 0.02 0 0.75 0.8 1 -0.0001 -0
49.8342 0 0 0.75 1 1 0 -0
46.8288 0 -17.0443 0.6944 1 0.9397 0 -0.342
46.8288 0 -17.0443 0.6944 1 0.9397 0 -0.342
46.8288 0.02 -17.0443 0.6944 0.8 0.9397 -0.0001 -0.342
49.8342 0.02 0 0.75 0.8 1 -0.0001 -0
46.8288 0.04 17.0443 0.8056 0.6 0.9397 0 0.342
46.8288 0.02 17.0443 0.8056 0.8 0.9397 -0.0001 0.342
49.8342 0.02 0 0.75 0.8 1 -0.0001 -0
49.8342 0.02 0 0.75 0.8 1 -0.0001 -0
49.8342 0.04 0 0.75 0.6 1 0 -0
46.8288 0.04 17.0443 0.8056 0.6 0.9397 0 0.342
38.1752 0.04 32.0328 0.8611 0.6 0.7661 0 0.6428
38.1752 0.02 32.0328 0.8611 0.8 0.766 -0.0001 0.6428
46.8288 0.02 17.0443 0.8056 0.8 0.9397 -0.0001 0.342
46.8288 0.02 17.0443 0.8056 0.8 0.9397 -0.0001 0.342
46.8288 0.04 17.0443 0.8056 0.6 0.9397 0 0.342
38.1752 0.04 32.0328 0.8611 0.6 0.7661 0 0.6428
24.9171 0.04 43.1577 0.9167 0.6 0.5 0 0.866
24.9171 0.02 43.1577 0.9167 0.8 0.5 -0.0001 0.866
38.1752 0.02 32.0328 0.8611 0.8 0.766 -0.0001 0.6428
38.1752 0.02 32.0328 0.8611 0.8 0.766 -0.0001 0.6428
38.1752 0.04 32.0328 0.8611 0.6 0.7661 0 0.6428
24.9171 0.04 43.1577 0.9167 0.6 0.5 0 0.866
8.6536 0.04 49.0771 0.9722 0.6 0.1736 -0 0.9848
8.6536 0.02 49.0771 0.9722 0.8 0.1736 -0.0001 0.9848
24.9171 0.02 43.1577 0.9167 0.8 0.5 -0.0001 0.866
24.9171 0.02 43.1577 0.9167 0.8 0.5 -0.0001 0.866
24.9171 0.04 43.1577 0.9167 0.6 0.5 0 0.866
8.6536 0.04 49.0771 0.9722 0.6 0.1736 -0 0.9848
-8.6536 0.04 49.0771 0.0278 0.6 -0.1736 0 0.9848
-8.6536 0.02 49.0771 0.0278 0.8 -0.1737 -0.0001 0.9848
8.6536 0.02 49.0771 -0.0278 0.8 0.1736 -0.0001 0.9848
8.6536 0.02 49.0771 -0.0278 0.8 0.1736 -0.0001 0.9848
8.6536 0.04 49.0771 -0.0278 0.6 0.1736 -0 0.9848
-8.6536 0.04 49.0771 0.0278 0.6 -0.1736 0 0.9848
-24.9171 0.04 43.1577 0.0833 0.6 -0.5 -0 0.866
-24.9171 0.02 43.1577 0.0833 0.8 -0.5 -0.0001 0.866
-8.6536 0.02 49.0771 0.0278 0.8 -0.1737 -0.0001 0.9848
-8.6536 0.02 49.0771 0.0278 0.8 -0.1737 -0.0001 0.9848
-8.6536 0.04 49.0771 0.0278 0.6 -0.1736 0 0.9848
-24.9171 0.04 43.1577 0.0833 0.6 -0.5 -0 0.866
-38.1752 0.04 32.0328 0.1389 0.6 -0.7661 -0 0.6428
-38.1752 0.02 32.0328 0.1389 0.8 -0.766 -0.0001 0.6428
-24.9171 0.02 43.1577 0.0833 0.8 -0.5 -0.0001 0.866
-24.9171 0.02 43.1577 0.0833 0.8 -0.5 -0.0001 0.866
-24.9171 0.04 43.1577 0.0833 0.6 -0.5 -0 0.866
-38.1752 0.04 32.0328 0.1389 0.6 -0.7661 -0 0.6428
-46.8288 0.04 17.0443 0.1944 0.6 -0.9397 0 0.342
-46.8288 0.02 17.0443 0.1944 0.8 -0.9397 -0.0001 0.342
-38.1752 0.02 32.0328 0.1389 0.8 -0.766 -0.0001 0.6428
-38.1752 0.02 32.0328 0.1389 0.8 -0.766 -0.0001 0.6428
-38.1752 0.04 32.0328 0.1389 0.6 -0.7661 -0 0.6428
-46.8288 0.04 17.0443 0.1944 0.6 -0.9397 0 0.342
-49.8342 0.04 0 0.25 0.6 -1 0 -0
-49.8342 0.02 0 0.25 0.8 -1 -0.0001 0
-46.8288 0.02 17.0443 0.1944 0.8 -0.9397 -0.0001 0.342
-46.8288 0.02 17.0443 0.1944 0.8 -0.9397 -0.0001 0.342
-46.8288 0.04 17.0443 0.1944 0.6 -0.9397 0 0.342
-49.8342 0.04 0 0.25 0.6 -1 0 -0
-46.8288 0.04 -17.0443 0.3056 0.6 -0.9397 -0 -0.342
-46.8288 0.02 -17.0443 0.3056 0.8 -0.9397 -0.0001 -0.342
-49.8342 0.02 0 0.25 0.8 -1 -0.0001 0
-49.8342 0.02 0 0.25 0.8 -1 -0.0001 0
-49.8342 0.04 0 0.25 0.6 -1 0 -0
-46.8288 0.04 -17.0443 0.3056 0.6 -0.9397 -0 -0.342
-38.1752 0.04 -32.0328 0.3611 0.6 -0.7661 0 -0.6428
-38.1752 0.02 -32.0328 0.3611 0.8 -0.766 -0.0001 -0.6428
-46.8288 0.02 -17.0443 0.3056 0.8 -0.9397 -0.0001 -0.342
-46.8288 0.02 -17.0443 0.3056 0.8 -0.9397 -0.0001 -0.342
-46.8288 0.04 -17.0443 0.3056 0.6 -0.9397 -0 -0.342
-38.1752 0.04 -32.0328 0.3611 0.6 -0.7661 0 -0.6428
-24.9171 0.04 -43.1577 0.4167 0.6 -0.5 0 -0.866
-24.9171 0.02 -43.1577 0.4167 0.8 -0.5 -0.0001 -0.866
-38.1752 0.02 -32.0328 0.3611 0.8 -0.766 -0.0001 -0.6428
-38.1752 0.02 -32.0328 0.3611 0.8 -0.766 -0.0001 -0.6428
-38.1752 0.04 -32.0328 0.3611 0.6 -0.7661 0 -0.6428
-24.9171 0.04 -43.1577 0.4167 0.6 -0.5 0 -0.866
-8.6536 0.04 -49.0771 0.4722 0.6 -0.1737 -0 -0.9848
-8.6536 0.02 -49.0771 0.4722 0.8 -0.1736 -0.0001 -0.9848
-24.9171 0.02 -43.1577 0.4167 0.8 -0.5 -0.0001 -0.866
-24.9171 0.02 -43.1577 0.4167 0.8 -0.5 -0.0001 -0.866
-24.9171 0.04 -43.1577 0.4167 0.6 -0.5 0 -0.866
-8.6536 0.04 -49.0771 0.4722 0.6 -0.1737 -0 -0.9848
8.6536 0.04 -49.0771 0.5278 0.6 0.1736 -0 -0.9848
8.6536 0.02 -49.0771 0.5278 0.8 0.1737 -0.0001 -0.9848
-8.6536 0.02 -49.0771 0.4722 0.8 -0.1736 -0.0001 -0.9848
-8.6536 0.02 -49.0771 0.4722 0.8 -0.1736 -0.0001 -0.9848
-8.6536 0.04 -49.0771 0.4722 0.6 -0.1737 -0 -0.9848
8.6536 0.04 -49.0771 0.5278 0.6 0.1736 -0 -0.9848
24.9171 0.04 -43.1577 0.5833 0.6 0.5 0 -0.866
24.9171 0.02 -43.1577 0.5833 0.8 0.5 -0 -0.866
8.6536 0.02 -49.0771 0.5278 0.8 0.1737 -0.0001 -0.9848
8.6536 0.02 -49.0771 0.5278 0.8 0.1737 -0.0001 -0.9848
8.6536 0.04 -49.0771 0.5278 0.6 0.1736 -0 -0.9848
24.9171 0.04 -43.1577 0.5833 0.6 0.5 0 -0.866
38.1752 0.04 -32.0328 0.6389 0.6 0.766 0 -0.6428
38.1752 0.02 -32.0328 0.6389 0.8 0.766 -0.0001 -0.6428
24.9171 0.02 -43.1577 0.5833 0.8 0.5 -0 -0.866
24.9171 0.02 -43.1577 0.5833 0.8 0.5 -0 -0.866
24.9171 0.04 -43.1577 0.5833 0.6 0.5 0 -0.866
38.1752 0.04 -32.0328 0.6389 0.6 0.766 0 -0.6428
46.8288 0.04 -17.0443 0.6944 0.6 0.9397 -0 -0.342
46.8288 0.02 -17.0443 0.6944 0.8 0.9397 -0.0001 -0.342
38.1752 0.02 -32.0328 0.6389 0.8 0.766 -0.0001 -0.6428
38.1752 0.02 -32.0328 0.6389 0.8 0.766 -0.0001 -0.6428
38.1752 0.04 -32.0328 0.6389 0.6 0.766 0 -0.6428
46.8288 0.04 -17.0443 0.6944 0.6 0.9397 -0 -0.342
49.8342 0.04 0 0.75 0.6 1 0 -0
49.8342 0.02 0 0.75 0.8 1 -0.0001 -0
46.8288 0.02 -17.0443 0.6944 0.8 0.9397 -0.0001 -0.342
46.8288 0.02 -17.0443 0.6944 0.8 0.9397 -0.0001 -0.342
46.8288 0.04 -17.0443 0.6944 0.6 0.9397 -0 -0.342
49.8342 0.04 0 0.75 0.6 1 0 -0
46.8288 0.06 17.0443 0.8056 0.4 0.9397 0.0001 0.342
46.8288 0.04 17.0443 0.8056 0.6 0.9397 0 0.342
49.8342 0.04 0 0.75 0.6 1 0 -0
49.8342 0.04 0 0.75 0.6 1 0 -0
49.8342 0.06 0 0.75 0.4 1 0.0001 -0
46.8288 0.06 17.0443 0.8056 0.4 0.9397 0.0001 0.342
38.1752 0.06 32.0328 0.8611 0.4 0.766 0.0001 0.6428
38.1752 0.04 32.0328 0.8611 0.6 0.7661 0 0.6428
46.8288 0.04 17.0443 0.8056 0.6 0.9397 0 0.342
46.8288 0.04 17.0443 0.8056 0.6 0.9397 0 0.342
46.8288 0.06 17.0443 0.8056 0.4 0.9397 0.0001 0.342
38.1752 0.06 32.0328 0.8611 0.4 0.766 0.0001 0.6428
24.9171 0.06 43.1577 0.9167 0.4 0.5 0.0001 0.866
24.9171 0.04 43.1577 0.9167 0.6 0.5 0 0.866
38.1752 0.04 32.0328 0.8611 0.6 0.7661 0 0.6428
38.1752 0.04 32.0328 0.8611 0.6 0.7661 0 0.6428
38.1752 0.06 32.0328 0.8611 0.4 0.766 0.0001 0.6428
24.9171 0.06 43.1577 0.9167 0.4 0.5 0.0001 0.866
8.6536 0.06 49.0771 0.9722 0.4 0.1736 0.0001 0.9848
8.6536 0.04 49.0771 0.9722 0.6 0.1736 -0 0.9848
24.9171 0.04 43.1577 0.9167 0.6 0.5 0 0.866
24.9171 0.04 43.1577 0.9167 0.6 0.5 0 0.866
24.9171 0.06 43.1577 0.9167 0.4 0.5 0.0001 0.866
8.6536 0.06 49.0771 0.9722 0.4 0.1736 0.0001 0.9848
-8.6536 0.06 49.0771 0.0278 0.4 -0.1737 0.0001 0.9848
-8.6536 0.04 49.0771 0.0278 0.6 -0.1736 0 0.9848
8.6536 0.04 49.0771 -0.0278 0.6 0.1736 -0 0.9848
8.6536 0.04 49.0771 -0.0278 0.6 0.1736 -0 0.9848
8.6536 0.06 49.0771 -0.0278 0.4 0.1736 0.0001 0.9848
-8.6536 0.06 49.0771 0.0278 0.4 -0.1737 0.0001 0.9848
-24.9171 0.06 43.1577 0.0833 0.4 -0.5 0.0001 0.866
-24.9171 0.04 43.1577 0.0833 0.6 -0.5 -0 0.866
-8.6536 0.04 49.0771 0.0278 0.6 -0.1736 0 0.9848
-8.6536 0.04 49.0771 0.0278 0.6 -0.1736 0 0.9848
-8.6536 0.06 49.0771 0.0278 0.4 -0.1737 0.0001 0.9848
-24.9171 0.06 43.1577 0.0833 0.4 -0.5 0.0001 0.866
-38.1752 0.06 32.0328 0.1389 0.4 -0.766 0.0001 0.6428
-38.1752 0.04 32.0328 0.1389 0.6 -0.7661 -0 0.6428
-24.9171 0.04 43.1577 0.0833 0.6 -0.5 -0 0.866
-24.9171 0.04 43.1577 0.0833 0.6 -0.5 -0 0.866
-24.9171 0.06 43.1577 0.0833 0.4 -0.5 0.0001 0.866
-38.1752 0.06 32.0328 0.1389 0.4 -0.766 0.0001 0.6428
-46.8288 0.06 17.0443 0.1944 0.4 -0.9397 0.0001 0.342
-46.8288 0.04 17.0443 0.1944 0.6 -0.9397 0 0.342
-38.1752 0.04 32.0328 0.1389 0.6 -0.7661 -0 0.6428
-38.1752 0.04 32.0328 0.1389 0.6 -0.7661 -0 0.6428
-38.1752 0.06 32.0328 0.1389 0.4 -0.766 0.0001 0.6428
-46.8288 0.06 17.0443 0.1944 0.4 -0.9397 0.0001 0.342
-49.8342 0.06 0 0.25 0.4 -1 0.0001 0
-49.8342 0.04 0 0.25 0.6 -1 0 -0
-46.8288 0.04 17.0443 0.1944 0.6 -0.9397 0 0.342
-46.8288 0.04 17.0443 0.1944 0.6 -0.9397 0 0.342
-46.8288 0.06 17.0443 0.1944 0.4 -0.9397 0.0001 0.342
-49.8342 0.06 0 0.25 0.4 -1 0.0001 0
-46.8288 0.06 -17.0443 0.3056 0.4 -0.9397 0.0001 -0.342
-46.8288 0.04 -17.0443 0.3056 0.6 -0.9397 -0 -0.342
-49.8342 0.04 0 0.25 0.6 -1 0 -0
-49.8342 0.04 0 0.25 0.6 -1 0 -0
-49.8342 0.06 0 0.25 0.4 -1 0.0001 0
-46.8288 0.06 -17.0443 0.3056 0.4 -0.9397 0.0001 -0.342
-38.1752 0.06 -32.0328 0.3611 0.4 -0.766 0.0001 -0.6428
-38.1752 0.04 -32.0328 0.3611 0.6 -0.7661 0 -0.6428
-46.8288 0.04 -17.0443 0.3056 0.6 -0.9397 -0 -0.342
-46.8288 0.04 -17.0443 0.3056 0.6 -0.9397 -0 -0.342
-46.8288 0.06 -17.0443 0.3056 0.4 -0.9397 0.0001 -0.342
-38.1752 0.06 -32.0328 0.3611 0.4 -0.766 0.0001 -0.6428
-24.9171 0.06 -43.1577 0.4167 0.4 -0.5 0.0001 -0.866
-24.9171 0.04 -43.1577 0.4167 0.6 -0.5 0 -0.866
-38.1752 0.04 -32.0328 0.3611 0.6 -0.7661 0 -0.6428
-38.1752 0.04 -32.0328 0.3611 0.6 -0.7661 0 -0.6428
-38.1752 0.06 -32.0328 0.3611 0.4 -0.766 0.0001 -0.6428
-24.9171 0.06 -43.1577 0.4167 0.4 -0.5 0.0001 -0.866
-8.6536 0.06 -49.0771 0.4722 0.4 -0.1736 0.0001 -0.9848
-8.6536 0.04 -49.0771 0.4722 0.6 -0.1737 -0 -0.9848
-24.9171 0.04 -43.1577 0.4167 0.6 -0.5 0 -0.866
-24.9171 0.04 -43.1577 0.4167 0.6 -0.5 0 -0.866
-24.9171 0.06 -43.1577 0.4167 0.4 -0.5 0.0001 -0.866
-8.6536 0.06 -49.0771 0.4722 0.4 -0.1736 0.0001 -0.9848
8.6536 0.06 -49.0771 0.5278 0.4 0.1736 0.0001 -0.9848
8.6536 0.04 -49.0771 0.5278 0.6 0.1736 -0 -0.9848
-8.6536 0.04 -49.0771 0.4722 0.6 -0.1737 -0 -0.9848
-8.6536 0.04 -49.0771 0.4722 0.6 -0.1737 -0 -0.9848
-8.6536 0.06 -49.0771 0.4722 0.4 -0.1736 0.0001 -0.9848
8.6536 0.06 -49.0771 0.5278 0.4 0.1736 0.0001 -0.9848
24.9171 0.06 -43.1577 0.5833 0.4 0.5 0 -0.866
24.9171 0.04 -43.1577 0.5833 0.6 0.5 0 -0.866
8.6536 0.04 -49.0771 0.5278 0.6 0.1736 -0 -0.9848
8.6536 0.04 -49.0771 0.5278 0.6 0.1736 -0 -0.9848
8.6536 0.06 -49.0771 0.5278 0.4 0.1736 0.0001 -0.9848
24.9171 0.06 -43.1577 0.5833 0.4 0.5 0 -0.866
38.1752 0.06 -32.0328 0.6389 0.4 0.766 0.0001 -0.6428
38.1752 0.04 -32.0328 0.6389 0.6 0.766 0 -0.6428
24.9171 0.04 -43.1577 0.5833 0.6 0.5 0 -0.866
24.9171 0.04 -43.1577 0.5833 0.6 0.5 0 -0.866
24.9171 0.06 -43.1577 0.5833 0.4 0.5 0 -0.866
38.1752 0.06 -32.0328 0.6389 0.4 0.766 0.0001 -0.6428
46.8288 0.06 -17.0443 0.6944 0.4 0.9397 0.0001 -0.342
46.8288 0.04 -17.0443 0.6944 0.6 0.9397 -0 -0.342
38.1752 0.04 -32.0328 0.6389 0.6 0.766 0 -0.6428
38.1752 0.04 -32.0328 0.6389 0.6 0.766 0 -0.6428
38.1752 0.06 -32.0328 0.6389 0.4 0.766 0.0001 -0.6428
46.8288 0.06 -17.0443 0.6944 0.4 0.9397 0.0001 -0.342
49.8342 0.06 0 0.75 0.4 1 0.0001 -0
49.8342 0.04 0 0.75 0.6 1 0 -0
46.8288 0.04 -17.0443 0.6944 0.6 0.9397 -0 -0.342
46.8288 0.04 -17.0443 0.6944 0.6 0.9397 -0 -0.342
46.8288 0.06 -17.0443 0.6944 0.4 0.9397 0.0001 -0.342
49.8342 0.06 0 0.75 0.4 1 0.0001 -0
46.8288 0.08 17.0443 0.8056 0.2 0.9397 0 0.342
46.8288 0.06 17.0443 0.8056 0.4 0.9397 0.0001 0.342
49.8342 0.06 0 0.75 0.4 1 0.0001 -0
49.8342 0.06 0 0.75 0.4 1 0.0001 -0
49.8342 0.08 0 0.75 0.2 1 0 -0
46.8288 0.08 17.0443 0.8056 0.2 0.9397 0 0.342
38.1752 0.08 32.0328 0.8611 0.2 0.766 0 0.6428
38.1752 0.06 32.0328 0.8611 0.4 0.766 0.0001 0.6428
46.8288 0.06 17.0443 0.8056 0.4 0.9397 0.0001 0.342
46.8288 0.06 17.0443 0.8056 0.4 0.9397 0.0001 0.342
46.8288 0.08 17.0443 0.8056 0.2 0.9397 0 0.342
38.1752 0.08 32.0328 0.8611 0.2 0.766 0 0.6428
24.9171 0.08 43.1577 0.9167 0.2 0.5 0 0.866
24.9171 0.06 43.1577 0.9167 0.4 0.5 0.0001 0.866
38.1752 0.06 32.0328 0.8611 0.4 0.766 0.0001 0.6428
38.1752 0.06 32.0328 0.8611 0.4 0.766 0.0001 0.6428
38.1752 0.08 32.0328 0.8611 0.2 0.766 0 0.6428
24.9171 0.08 43.1577 0.9167 0.2 0.5 0 0.866
8.6536 0.08 49.0771 0.9722 0.2 0.1736 0 0.9848
8.6536 0.06 49.0771 0.9722 0.4 0.1736 0.0001 0.9848
24.9171 0.06 43.1577 0.9167 0.4 0.5 0.0001 0.866
24.9171 0.06 43.1577 0.9167 0.4 0.5 0.0001 0.866
24.9171 0.08 43.1577 0.9167 0.2 0.5 0 0.866
8.6536 0.08 49.0771 0.9722 0.2 0.1736 0 0.9848
-8.6536 0.08 49.0771 0.0278 0.2 -0.1736 0 0.9848
-8.6536 0.06 49.0771 0.0278 0.4 -0.1737 0.0001 0.9848
8.6536 0.06 49.0771 -0.0278 0.4 0.1736 0.0001 0.9848
8.6536 0.06 49.0771 -0.0278 0.4 0.1736 0.0001 0.9848
8.6536 0.08 49.0771 -0.0278 0.2 0.1736 0 0.9848
-8.6536 0.08 49.0771 0.0278 0.2 -0.1736 0 0.9848
-24.9171 0.08 43.1577 0.0833 0.2 -0.5 0 0.866
-24.9171 0.06 43.1577 0.0833 0.4 -0.5 0.0001 0.866
-8.6536 0.06 49.0771 0.0278 0.4 -0.1737 0.0001 0.9848
-8.6536 0.06 49.0771 0.0278 0.4 -0.1737 0.0001 0.9848
-8.6536 0.08 49.0771 0.0278 0.2 -0.1736 0 0.9848
-24.9171 0.08 43.1577 0.0833 0.2 -0.5 0 0.866
-38.1752 0.08 32.0328 0.1389 0.2 -0.766 0 0.6428
-38.1752 0.06 32.0328 0.1389 0.4 -0.766 0.0001 0.6428
-24.9171 0.06 43.1577 0.0833 0.4 -0.5 0.0001 0.866
-24.9171 0.06 43.1577 0.0833 0.4 -0.5 0.0001 0.866
-24.9171 0.08 43.1577 0.0833 0.2 -0.5 0 0.866
-38.1752 0.08 32.0328 0.1389 0.2 -0.766 0 0.6428
-46.8288 0.08 17.0443 0.1944 0.2 -0.9397 0 0.342
-46.8288 0.06 17.0443 0.1944 0.4 -0.9397 0.0001 0.342
-38.1752 0.06 32.0328 0.1389 0.4 -0.766 0.0001 0.6428
-38.1752 0.06 32.0328 0.1389 0.4 -0.766 0.0001 0.6428
-38.1752 0.08 32.0328 0.1389 0.2 -0.766 0 0.6428
-46.8288 0.08 17.0443 0.1944 0.2 -0.9397 0 0.342
-49.8342 0.08 0 0.25 0.2 -1 0 0
-49.8342 0.06 0 0.25 0.4 -1 0.0001 0
-46.8288 0.06 17.0443 0.1944 0.4 -0.9397 0.0001 0.342
-46.8288 0.06 17.0443 0.1944 0.4 -0.9397 0.0001 0.342
-46.8288 0.08 17.0443 0.1944 0.2 -0.9397 0 0.342
-49.8342 0.08 0 0.25 0.2 -1 0 0
-46.8288 0.08 -17.0443 0.3056 0.2 -0.9397 0 -0.342
-46.8288 0.06 -17.0443 0.3056 0.4 -0.9397 0.0001 -0.342
-49.8342 0.06 0 0.25 0.4 -1 0.0001 0
-49.8342 0.06 0 0.25 0.4 -1 0.0001 0
-49.8342 0.08 0 0.25 0.2 -1 0 0
-46.8288 0.08 -17.0443 0.3056 0.2 -0.9397 0 -0.342
-38.1752 0.08 -32.0328 0.3611 0.2 -0.766 0 -0.6428
-38.1752 0.06 -32.0328 0.3611 0.4 -0.766 0.0001 -0.6428
-46.8288 0.06 -17.0443 0.3056 0.4 -0.9397 0.0001 -0.342
-46.8288 0.06 -17.0443 0.3056 0.4 -0.9397 0.0001 -0.342
-46.8288 0.08 -17.0443 0.3056 0.2 -0.9397 0 -0.342
-38.1752 0.08 -32.0328 0.3611 0.2 -0.766 0 -0.6428
-24.9171 0.08 -43.1577 0.4167 0.2 -0.5 0 -0.866
-24.9171 0.06 -43.1577 0.4167 0.4 -0.5 0.0001 -0.866
-38.1752 0.06 -32.0328 0.3611 0.4 -0.766 0.0001 -0.6428
-38.1752 0.06 -32.0328 0.3611 0.4 -0.766 0.0001 -0.6428
-38.1752 0.08 -32.0328 0.3611 0.2 -0.766 0 -0.6428
-24.9171 0.08 -43.1577 0.4167 0.2 -0.5 0 -0.866
-8.6536 0.08 -49.0771 0.4722 0.2 -0.1736 0 -0.9848
-8.6536 0.06 -49.0771 0.4722 0.4 -0.1736 0.0001 -0.9848
-24.9171 0.06 -43.1577 0.4167 0.4 -0.5 0.0001 -0.866
-24.9171 0.06 -43.1577 0.4167 0.4 -0.5 0.0001 -0.866
-24.9171 0.08 -43.1577 0.4167 0.2 -0.5 0 -0.866
-8.6536 0.08 -49.0771 0.4722 0.2 -0.1736 0 -0.9848
8.6536 0.08 -49.0771 0.5278 0.2 0.1736 0 -0.9848
8.6536 0.06 -49.0771 0.5278 0.4 0.1736 0.0001 -0.9848
-8.6536 0.06 -49.0771 0.4722 0.4 -0.1736 0.0001 -0.9848
-8.6536 0.06 -49.0771 0.4722 0.4 -0.1736 0.0001 -0.9848
-8.6536 0.08 -49.0771 0.4722 0.2 -0.1736 0 -0.9848
8.6536 0.08 -49.0771 0.5278 0.2 0.1736 0 -0.9848
24.9171 0.08 -43.1577 0.5833 0.2 0.5 0 -0.866
24.9171 0.06 -43.1577 0.5833 0.4 0.5 0 -0.866
8.6536 0.06 -49.0771 0.5278 0.4 0.1736 0.0001 -0.9848
8.6536 0.06 -49.0771 0.5278 0.4 0.1736 0.0001 -0.9848
8.6536 0.08 -49.0771 0.5278 0.2 0.1736 0 -0.9848
24.9171 0.08 -43.1577 0.5833 0.2 0.5 0 -0.866
38.1752 0.08 -32.0328 0.6389 0.2 0.766 0 -0.6428
38.1752 0.06 -32.0328 0.6389 0.4 0.766 0.0001 -0.6428
24.9171 0.06 -43.1577 0.5833 0.4 0.5 0 -0.866
24.9171 0.06 -43.1577 0.5833 0.4 0.5 0 -0.866
24.9171 0.08 -43.1577 0.5833 0.2 0.5 0 -0.866
38.1752 0.08 -32.0328 0.6389 0.2 0.766 0 -0.6428
46.8288 0.08 -17.0443 0.6944 0.2 0.9397 0 -0.342
46.8288 0.06 -17.0443 0.6944 0.4 0.9397 0.0001 -0.342
38.1752 0.06 -32.0328 0.6389 0.4 0.766 0.0001 -0.6428
38.1752 0.06 -32.0328 0.6389 0.4 0.766 0.0001 -0.6428
38.1752 0.08 -32.0328 0.6389 0.2 0.766 0 -0.6428
46.8288 0.08 -17.0443 0.6944 0.2 0.9397 0 -0.342
49.8342 0.08 0 0.75 0.2 1 0 -0
49.8342 0.06 0 0.75 0.4 1 0.0001 -0
46.8288 0.06 -17.0443 0.6944 0.4 0.9397 0.0001 -0.342
46.8288 0.06 -17.0443 0.6944 0.4 0.9397 0.0001 -0.342
46.8288 0.08 -17.0443 0.6944 0.2 0.9397 0 -0.342
49.8342 0.08 0 0.75 0.2 1 0 -0
46.8288 0.1 17.0443 0.8056 0 0.9397 0 0.342
46.8288 0.08 17.0443 0.8056 0.2 0.9397 0 0.342
49.8342 0.08 0 0.75 0.2 1 0 -0
49.8342 0.08 0 0.75 0.2 1 0 -0
49.8342 0.1 0 0.75 0 1 0 -0
46.8288 0.1 17.0443 0.8056 0 0.9397 0 0.342
38.1752 0.1 32.0328 0.8611 0 0.766 0 0.6428
38.1752 0.08 32.0328 0.8611 0.2 0.766 0 0.6428
46.8288 0.08 17.0443 0.8056 0.2 0.9397 0 0.342
46.8288 0.08 17.0443 0.8056 0.2 0.9397 0 0.342
46.8288 0.1 17.0443 0.8056 0 0.9397 0 0.342
38.1752 0.1 32.0328 0.8611 0 0.766 0 0.6428
24.9171 0.1 43.1577 0.9167 0 0.5 0 0.866
24.9171 0.08 43.1577 0.9167 0.2 0.5 0 0.866
38.1752 0.08 32.0328 0.8611 0.2 0.766 0 0.6428
38.1752 0.08 32.0328 0.8611 0.2 0.766 0 0.6428
38.1752 0.1 32.0328 0.8611 0 0.766 0 0.6428
24.9171 0.1 43.1577 0.9167 0 0.5 0 0.866
8.6536 0.1 49.0771 0.9722 0 0.1736 0 0.9848
8.6536 0.08 49.0771 0.9722 0.2 0.1736 0 0.9848
24.9171 0.08 43.1577 0.9167 0.2 0.5 0 0.866
24.9171 0.08 43.1577 0.9167 0.2 0.5 0 0.866
24.9171 0.1 43.1577 0.9167 0 0.5 0 0.866
8.6536 0.1 49.0771 0.9722 0 0.1736 0 0.9848
-8.6536 0.1 49.0771 0.0278 0 -0.1736 0 0.9848
-8.6536 0.08 49.0771 0.0278 0.2 -0.1736 0 0.9848
8.6536 0.08 49.0771 -0.0278 0.2 0.1736 0 0.9848
8.6536 0.08 49.0771 -0.0278 0.2 0.1736 0 0.9848
8.6536 0.1 49.0771 -0.0278 0 0.1736 0 0.9848
-8.6536 0.1 49.0771 0.0278 0 -0.1736 0 0.9848
-24.9171 0.1 43.1577 0.0833 0 -0.5 0 0.866
-24.9171 0.08 43.1577 0.0833 0.2 -0.5 0 0.866
-8.6536 0.08 49.0771 0.0278 0.2 -0.1736 0 0.9848
-8.6536 0.08 49.0771 0.0278 0.2 -0.1736 0 0.9848
-8.6536 0.1 49.0771 0.0278 0 -0.1736 0 0.9848
-24.9171 0.1 43.1577 0.0833 0 -0.5 0 0.866
-38.1752 0.1 32.0328 0.1389 0 -0.766 0 0.6428
-38.1752 0.08 32.0328 0.1389 0.2 -0.766 0 0.6428
-24.9171 0.08 43.1577 0.0833 0.2 -0.5 0 0.866
-24.9171 0.08 43.1577 0.0833 0.2 -0.5 0 0.866
-24.9171 0.1 43.1577 0.0833 0 -0.5 0 0.866
-38.1752 0.1 32.0328 0.1389 0 -0.766 0 0.6428
-46.8288 0.1 17.0443 0.1944 0 -0.9397 0 0.342
-46.8288 0.08 17.0443 0.1944 0.2 -0.9397 0 0.342
-38.1752 0.08 32.0328 0.1389 0.2 -0.766 0 0.6428
-38.1752 0.08 32.0328 0.1389 0.2 -0.766 0 0.6428
-38.1752 0.1 32.0328 0.1389 0 -0.766 0 0.6428
-46.8288 0.1 17.0443 0.1944 0 -0.9397 0 0.342
-49.8342 0.1 0 0.25 0 -1 0 0
-49.8342 0.08 0 0.25 0.2 -1 0 0
-46.8288 0.08 17.0443 0.1944 0.2 -0.9397 0 0.342
-46.8288 0.08 17.0443 0.1944 0.2 -0.9397 0 0.342
-46.8288 0.1 17.0443 0.1944 0 -0.9397 0 0.342
-49.8342 0.1 0 0.25 0 -1 0 0
-46.8288 0.1 -17.0443 0.3056 0 -0.9397 0 -0.342
-46.8288 0.08 -17.0443 0.3056 0.2 -0.9397 0 -0.342
-49.8342 0.08 0 0.25 0.2 -1 0 0
-49.8342 0.08 0 0.25 0.2 -1 0 0
-49.8342 0.1 0 0.25 0 -1 0 0
-46.8288 0.1 -17.0443 0.3056 0 -0.9397 0 -0.342
-38.1752 0.1 -32.0328 0.3611 0 -0.766 0 -0.6428
-38.1752 0.08 -32.0328 0.3611 0.2 -0.766 0 -0.6428
-46.8288 0.08 -17.0443 0.3056 0.2 -0.9397 0 -0.342
-46.8288 0.08 -17.0443 0.3056 0.2 -0.9397 0 -0.342
-46.8288 0.1 -17.0443 0.3056 0 -0.9397 0 -0.342
-38.1752 0.1 -32.0328 0.3611 0 -0.766 0 -0.6428
-24.9171 0.1 -43.1577 0.4167 0 -0.5 0 -0.866
-24.9171 0.08 -43.1577 0.4167 0.2 -0.5 0 -0.866
-38.1752 0.08 -32.0328 0.3611 0.2 -0.766 0 -0.6428
-38.1752 0.08 -32.0328 0.3611 0.2 -0.766 0 -0.6428
-38.1752 0.1 -32.0328 0.3611 0 -0.766 0 -0.6428
-24.9171 0.1 -43.1577 0.4167 0 -0.5 0 -0.866
-8.6536 0.1 -49.0771 0.4722 0 -0.1736 0 -0.9848
-8.6536 0.08 -49.0771 0.4722 0.2 -0.1736 0 -0.9848
-24.9171 0.08 -43.1577 0.4167 0.2 -0.5 0 -0.866
-24.9171 0.08 -43.1577 0.4167 0.2 -0.5 0 -0.866
-24.9171 0.1 -43.1577 0.4167 0 -0.5 0 -0.866
-8.6536 0.1 -49.0771 0.4722 0 -0.1736 0 -0.9848
8.6536 0.1 -49.0771 0.5278 0 0.1736 0 -0.9848
8.6536 0.08 -49.0771 0.5278 0.2 0.1736 0 -0.9848
-8.6536 0.08 -49.0771 0.4722 0.2 -0.1736 0 -0.9848
-8.6536 0.08 -49.0771 0.4722 0.2 -0.1736 0 -0.9848
-8.6536 0.1 -49.0771 0.4722 0 -0.1736 0 -0.9848
8.6536 0.1 -49.0771 0.5278 0 0.1736 0 -0.9848
24.9171 0.1 -43.1577 0.5833 0 0.5 0 -0.866
24.9171 0.08 -43.1577 0.5833 0.2 0.5 0 -0.866
8.6536 0.08 -49.0771 0.5278 0.2 0.1736 0 -0.9848
8.6536 0.08 -49.0771 0.5278 0.2 0.1736 0 -0.9848
8.6536 0.1 -49.0771 0.5278 0 0.1736 0 -0.9848
24.9171 0.1 -43.1577 0.5833 0 0.5 0 -0.866
38.1752 0.1 -32.0328 0.6389 0 0.766 0 -0.6428
38.1752 0.08 -32.0328 0.6389 0.2 0.766 0 -0.6428
24.9171 0.08 -43.1577 0.5833 0.2 0.5 0 -0.866
24.9171 0.08 -43.1577 0.5833 0.2 0.5 0 -0.866
24.9171 0.1 -43.1577 0.5833 0 0.5 0 -0.866
38.1752 0.1 -32.0328 0.6389 0 0.766 0 -0.6428
46.8288 0.1 -17.0443 0.6944 0 0.9397 0 -0.342
46.8288 0.08 -17.0443 0.6944 0.2 0.9397 0 -0.342
38.1752 0.08 -32.0328 0.6389 0.2 0.766 0 -0.6428
38.1752 0.08 -32.0328 0.6389 0.2 0.766 0 -0.6428
38.1752 0.1 -32.0328 0.6389 0 0.766 0 -0.6428
46.8288 0.1 -17.0443 0.6944 0 0.9397 0 -0.342
49.8342 0.1 0 0.75 0 1 0 -0
49.8342 0.08 0 0.75 0.2 1 0 -0
46.8288 0.08 -17.0443 0.6944 0.2 0.9397 0 -0.342
46.8288 0.08 -17.0443 0.6944 0.2 0.9397 0 -0.342
46.8288 0.1 -17.0443 0.6944 0 0.9397 0 -0.342
49.8342 0.1 0 0.75 0 1 0 -0
16.784 0.1 14.0834 0.8611 0 0 1 0
20.5886 0.1 7.4936 0.8056 0 0 1 0
21.9099 0.1 0 0.75 0 0 1 0
3.8046 0.1 21.5771 0.9722 0 0 1 0
10.955 0.1 18.9746 0.9167 0 0 1 0
16.784 0.1 14.0834 0.8611 0 0 1 0
-10.955 0.1 18.9746 0.9126 0 0 1 0
-3.8046 0.1 21.5771 0.9708 0 0 1 0
3.8046 0.1 21.5771 0.9722 0 0 1 0
-10.955 0.1 18.9746 0.9126 0 0 1 0
3.8046 0.1 21.5771 0.9722 0 0 1 0
16.784 0.1 14.0834 0.8611 0 0 1 0
-20.5886 0.1 7.4936 0.66 0 0 1 0
-16.784 0.1 14.0834 0.8047 0 0 1 0
-10.955 0.1 18.9746 0.9126 0 0 1 0
-20.5886 0.1 -7.4936 0.3325 0 0 1 0
-21.91 0.1 0 0.496 0 0 1 0
-20.5886 0.1 7.4936 0.66 0 0 1 0
-20.5886 0.1 -7.4936 0.3325 0 0 1 0
-20.5886 0.1 7.4936 0.66 0 0 1 0
-10.955 0.1 18.9746 0.9126 0 0 1 0
-10.955 0.1 -18.9746 0.0833 0 0 1 0
-16.784 0.1 -14.0834 0.1891 0 0 1 0
-20.5886 0.1 -7.4936 0.3325 0 0 1 0
3.8046 0.1 -21.5771 0.0292 0 0 1 0
-3.8046 0.1 -21.5771 0.0278 0 0 1 0
-10.955 0.1 -18.9746 0.0833 0 0 1 0
3.8046 0.1 -21.5771 0.0292 0 0 1 0
-10.955 0.1 -18.9746 0.0833 0 0 1 0
-20.5886 0.1 -7.4936 0.3325 0 0 1 0
3.8046 0.1 -21.5771 0.0292 0 0 1 0
-20.5886 0.1 -7.4936 0.3325 0 0 1 0
-10.955 0.1 18.9746 0.9126 0 0 1 0
3.8046 0.1 -21.5771 0.0292 0 0 1 0
-10.955 0.1 18.9746 0.9126 0 0 1 0
16.784 0.1 14.0834 0.8611 0 0 1 0
16.784 0.1 -14.0835 0.1953 0 0 1 0
10.955 0.1 -18.9746 0.0874 0 0 1 0
3.8046 0.1 -21.5771 0.0292 0 0 1 0
16.784 0.1 -14.0835 0.1953 0 0 1 0
3.8046 0.1 -21.5771 0.0292 0 0 1 0
16.784 0.1 14.0834 0.8611 0 0 1 0
16.784 0.1 -14.0835 0.1953 0 0 1 0
16.784 0.1 14.0834 0.8611 0 0 1 0
21.9099 0.1 0 0.75 0 0 1 0
16.784 0.1 -14.0835 0.1953 0 0 1 0
21.9099 0.1 0 0.75 0 0 1 0
20.5886 0.1 -7.4937 0.6944 0 0 1 0
45.3975 10.1 16.5233 0.8056 0 0 1 0
46.8288 10.1 17.0443 0.8056 0 0 1 0
49.8342 10.1 0 0.75 0 0 1 0
49.8342 10.1 0 0.75 0 0 1 0
48.311 10.1 0 0.75 0 0 1 0
45.3975 10.1 16.5233 0.8056 0 0 1 0
37.0084 10.1 31.0537 0.8611 0 0 1 0
38.1752 10.1 32.0328 0.8611 0 0 1 0
46.8288 10.1 17.0443 0.8056 0 0 1 0
46.8288 10.1 17.0443 0.8056 0 0 1 0
45.3975 10.1 16.5233 0.8056 0 0 1 0
37.0084 10.1 31.0537 0.8611 0 0 1 0
24.1555 10.1 41.8386 0.9167 0 0 1 0
24.9171 10.1 43.1577 0.9167 0 0 1 0
38.1752 10.1 32.0328 0.8611 0 0 1 0
38.1752 10.1 32.0328 0.8611 0 0 1 0
37.0084 10.1 31.0537 0.8611 0 0 1 0
24.1555 10.1 41.8386 0.9167 0 0 1 0
8.3891 10.1 47.5771 0.9722 0 0 1 0
8.6536 10.1 49.0771 0.9722 0 0 1 0
24.9171 10.1 43.1577 0.9167 0 0 1 0
24.9171 10.1 43.1577 0.9167 0 0 1 0
24.1555 10.1 41.8386 0.9167 0 0 1 0
8.3891 10.1 47.5771 0.9722 0 0 1 0
-8.3891 10.1 47.5771 0.9708 0 0 1 0
-8.6536 10.1 49.0771 0.9708 0 0 1 0
8.6536 10.1 49.0771 0.9722 0 0 1 0
8.6536 10.1 49.0771 0.9722 0 0 1 0
8.3891 10.1 47.5771 0.9722 0 0 1 0
-8.3891 10.1 47.5771 0.9708 0 0 1 0
-24.1555 10.1 41.8386 0.9126 0 0 1 0
-24.9171 10.1 43.1577 0.9126 0 0 1 0
-8.6536 10.1 49.0771 0.9708 0 0 1 0
-8.6536 10.1 49.0771 0.9708 0 0 1 0
-8.3891 10.1 47.5771 0.9708 0 0 1 0
-24.1555 10.1 41.8386 0.9126 0 0 1 0
-37.0084 10.1 31.0537 0.8047 0 0 1 0
-38.1752 10.1 32.0328 0.8047 0 0 1 0
-24.9171 10.1 43.1577 0.9126 0 0 1 0
-24.9171 10.1 43.1577 0.9126 0 0 1 0
-24.1555 10.1 41.8386 0.9126 0 0 1 0
-37.0084 10.1 31.0537 0.8047 0 0 1 0
-45.3975 10.1 16.5234 0.66 0 0 1 0
-46.8288 10.1 17.0443 0.66 0 0 1 0
-38.1752 10.1 32.0328 0.8047 0 0 1 0
-38.1752 10.1 32.0328 0.8047 0 0 1 0
-37.0084 10.1 31.0537 0.8047 0 0 1 0
-45.3975 10.1 16.5234 0.66 0 0 1 0
-48.311 10.1 0 0.496 0 0 1 0
-49.8342 10.1 0 0.496 0 0 1 0
-46.8288 10.1 17.0443 0.66 0 0 1 0
-46.8288 10.1 17.0443 0.66 0 0 1 0
-45.3975 10.1 16.5234 0.66 0 0 1 0
-48.311 10.1 0 0.496 0 0 1 0
-45.3975 10.1 -16.5233 0.3325 0 0 1 0
-46.8288 10.1 -17.0443 0.3325 0 0 1 0
-49.8342 10.1 0 0.496 0 0 1 0
-49.8342 10.1 0 0.496 0 0 1 0
-48.311 10.1 0 0.496 0 0 1 0
-45.3975 10.1 -16.5233 0.3325 0 0 1 0
-37.0084 10.1 -31.0537 0.1891 0 0 1 0
-38.1752 10.1 -32.0328 0.1891 0 0 1 0
-46.8288 10.1 -17.0443 0.3325 0 0 1 0
-46.8288 10.1 -17.0443 0.3325 0 0 1 0
-45.3975 10.1 -16.5233 0.3325 0 0 1 0
-37.0084 10.1 -31.0537 0.1891 0 0 1 0
-24.1555 10.1 -41.8386 0.0833 0 0 1 0
-24.9171 10.1 -43.1577 0.0833 0 0 1 0
-38.1752 10.1 -32.0328 0.1891 0 0 1 0
-38.1752 10.1 -32.0328 0.1891 0 0 1 0
-37.0084 10.1 -31.0537 0.1891 0 0 1 0
-24.1555 10.1 -41.8386 0.0833 0 0 1 0
-8.3891 10.1 -47.5771 0.0278 0 0 1 0
-8.6536 10.1 -49.0771 0.0278 0 0 1 0
-24.9171 10.1 -43.1577 0.0833 0 0 1 0
-24.9171 10.1 -43.1577 0.0833 0 0 1 0
-24.1555 10.1 -41.8386 0.0833 0 0 1 0
-8.3891 10.1 -47.5771 0.0278 0 0 1 0
8.3891 10.1 -47.5771 0.0292 0 0 1 0
8.6536 10.1 -49.0771 0.0292 0 0 1 0
-8.6536 10.1 -49.0771 0.0278 0 0 1 0
-8.6536 10.1 -49.0771 0.0278 0 0 1 0
-8.3891 10.1 -47.5771 0.0278 0 0 1 0
8.3891 10.1 -47.5771 0.0292 0 0 1 0
24.1555 10.1 -41.8386 0.0874 0 0 1 0
24.9171 10.1 -43.1577 0.0874 0 0 1 0
8.6536 10.1 -49.0771 0.0292 0 0 1 0
8.6536 10.1 -49.0771 0.0292 0 0 1 0
8.3891 10.1 -47.5771 0.0292 0 0 1 0
24.1555 10.1 -41.8386 0.0874 0 0 1 0
37.0084 10.1 -31.0538 0.1953 0 0 1 0
38.1752 10.1 -32.0328 0.1953 0 0 1 0
24.9171 10.1 -43.1577 0.0874 0 0 1 0
24.9171 10.1 -43.1577 0.0874 0 0 1 0
24.1555 10.1 -41.8386 0.0874 0 0 1 0
37.0084 10.1 -31.0538 0.1953 0 0 1 0
45.3975 10.1 -16.5234 0.6944 0 0 1 0
46.8288 10.1 -17.0443 0.6944 0 0 1 0
38.1752 10.1 -32.0328 0.1953 0 0 1 0
38.1752 10.1 -32.0328 0.1953 0 0 1 0
37.0084 10.1 -31.0538 0.1953 0 0 1 0
45.3975 10.1 -16.5234 0.6944 0 0 1 0
48.311 10.1 0 0.75 0 0 1 0
49.8342 10.1 0 0.75 0 0 1 0
46.8288 10.1 -17.0443 0.6944 0 0 1 0
46.8288 10.1 -17.0443 0.6944 0 0 1 0
45.3975 10.1 -16.5234 0.6944 0 0 1 0
48.311 10.1 0 0.75 0 0 1 0
46.8288 10.1 17.0443 0.8056 0 0.9397 0 0.342
46.8288 0.1 17.0443 0.8056 0 0.9397 0 0.342
49.8342 0.1 0 0.75 0 1 0 -0
49.8342 0.1 0 0.75 0 1 0 -0
49.8342 10.1 0 0.75 0 1 0 -0
46.8288 10.1 17.0443 0.8056 0 0.9397 0 0.342
38.1752 10.1 32.0328 0.8611 0 0.766 0 0.6428
38.1752 0.1 32.0328 0.8611 0 0.766 0 0.6428
46.8288 0.1 17.0443 0.8056 0 0.9397 0 0.342
46.8288 0.1 17.0443 0.8056 0 0.9397 0 0.342
46.8288 10.1 17.0443 0.8056 0 0.9397 0 0.342
38.1752 10.1 32.0328 0.8611 0 0.766 0 0.6428
24.9171 10.1 43.1577 0.9167 0 0.5 0 0.866
24.9171 0.1 43.1577 0.9167 0 0.5 0 0.866
38.1752 0.1 32.0328 0.8611 0 0.766 0 0.6428
38.1752 0.1 32.0328 0.8611 0 0.766 0 0.6428
38.1752 10.1 32.0328 0.8611 0 0.766 0 0.6428
24.9171 10.1 43.1577 0.9167 0 0.5 0 0.866
8.6536 10.1 49.0771 0.9722 0 0.1736 0 0.9848
8.6536 0.1 49.0771 0.9722 0 0.1736 0 0.9848
24.9171 0.1 43.1577 0.9167 0 0.5 0 0.866
24.9171 0.1 43.1577 0.9167 0 0.5 0 0.866
24.9171 10.1 43.1577 0.9167 0 0.5 0 0.866
8.6536 10.1 49.0771 0.9722 0 0.1736 0 0.9848
-8.6536 10.1 49.0771 0.9708 0 -0.1736 0 0.9848
-8.6536 0.1 49.0771 0.9708 0 -0.1736 0 0.9848
8.6536 0.1 49.0771 0.9722 0 0.1736 0 0.9848
8.6536 0.1 49.0771 0.9722 0 0.1736 0 0.9848
8.6536 10.1 49.0771 0.9722 0 0.1736 0 0.9848
-8.6536 10.1 49.0771 0.9708 0 -0.1736 0 0.9848
-24.9171 10.1 43.1577 0.9126 0 -0.5 0 0.866
-24.9171 0.1 43.1577 0.9126 0 -0.5 0 0.866
-8.6536 0.1 49.0771 0.9708 0 -0.1736 0 0.9848
-8.6536 0.1 49.0771 0.9708 0 -0.1736 0 0.9848
-8.6536 10.1 49.0771 0.9708 0 -0.1736 0 0.9848
-24.9171 10.1 43.1577 0.9126 0 -0.5 0 0.866
-38.1752 10.1 32.0328 0.8047 0 -0.766 0 0.6428
-38.1752 0.1 32.0328 0.8047 0 -0.766 0 0.6428
-24.9171 0.1 43.1577 0.9126 0 -0.5 0 0.866
-24.9171 0.1 43.1577 0.9126 0 -0.5 0 0.866
-24.9171 10.1 43.1577 0.9126 0 -0.5 0 0.866
-38.1752 10.1 32.0328 0.8047 0 -0.766 0 0.6428
-46.8288 10.1 17.0443 0.66 0 -0.9397 0 0.342
-46.8288 0.1 17.0443 0.66 0 -0.9397 0 0.342
-38.1752 0.1 32.0328 0.8047 0 -0.766 0 0.6428
-38.1752 0.1 32.0328 0.8047 0 -0.766 0 0.6428
-38.1752 10.1 32.0328 0.8047 0 -0.766 0 0.6428
-46.8288 10.1 17.0443 0.66 0 -0.9397 0 0.342
-49.8342 10.1 0 0.496 0 -1 0 0
-49.8342 0.1 0 0.496 0 -1 0 0
-46.8288 0.1 17.0443 0.66 0 -0.9397 0 0.342
-46.8288 0.1 17.0443 0.66 0 -0.9397 0 0.342
-46.8288 10.1 17.0443 0.66 0 -0.9397 0 0.342
-49.8342 10.1 0 0.496 0 -1 0 0
-46.8288 10.1 -17.0443 0.3325 0 -0.9397 0 -0.342
-46.8288 0.1 -17.0443 0.3325 0 -0.9397 0 -0.342
-49.8342 0.1 0 0.496 0 -1 0 0
-49.8342 0.1 0 0.496 0 -1 0 0
-49.8342 10.1 0 0.496 0 -1 0 0
-46.8288 10.1 -17.0443 0.3325 0 -0.9397 0 -0.342
-38.1752 10.1 -32.0328 0.1891 0 -0.766 0 -0.6428
-38.1752 0.1 -32.0328 0.1891 0 -0.766 0 -0.6428
-46.8288 0.1 -17.0443 0.3325 0 -0.9397 0 -0.342
-46.8288 0.1 -17.0443 0.3325 0 -0.9397 0 -0.342
-46.8288 10.1 -17.0443 0.3325 0 -0.9397 0 -0.342
-38.1752 10.1 -32.0328 0.1891 0 -0.766 0 -0.6428
-24.9171 10.1 -43.1577 0.0833 0 -0.5 0 -0.866
-24.9171 0.1 -43.1577 0.0833 0 -0.5 0 -0.866
-38.1752 0.1 -32.0328 0.1891 0 -0.766 0 -0.6428
-38.1752 0.1 -32.0328 0.1891 0 -0.766 0 -0.6428
-38.1752 10.1 -32.0328 0.1891 0 -0.766 0 -0.6428
-24.9171 10.1 -43.1577 0.0833 0 -0.5 0 -0.866
-8.6536 10.1 -49.0771 0.0278 0 -0.1736 0 -0.9848
-8.6536 0.1 -49.0771 0.0278 0 -0.1736 0 -0.9848
-24.9171 0.1 -43.1577 0.0833 0 -0.5 0 -0.866
-24.9171 0.1 -43.1577 0.0833 0 -0.5 0 -0.866
-24.9171 10.1 -43.1577 0.0833 0 -0.5 0 -0.866
-8.6536 10.1 -49.0771 0.0278 0 -0.1736 0 -0.9848
8.6536 10.1 -49.0771 0.0292 0 0.1736 0 -0.9848
8.6536 0.1 -49.0771 0.0292 0 0.1736 0 -0.9848
-8.6536 0.1 -49.0771 0.0278 0 -0.1736 0 -0.9848
-8.6536 0.1 -49.0771 0.0278 0 -0.1736 0 -0.9848
-8.6536 10.1 -49.0771 0.0278 0 -0.1736 0 -0.9848
8.6536 10.1 -49.0771 0.0292 0 0.1736 0 -0.9848
24.9171 10.1 -43.1577 0.0874 0 0.5 0 -0.866
24.9171 0.1 -43.1577 0.0874 0 0.5 0 -0.866
8.6536 0.1 -49.0771 0.0292 0 0.1736 0 -0.9848
8.6536 0.1 -49.0771 0.0292 0 0.1736 0 -0.9848
8.6536 10.1 -49.0771 0.0292 0 0.1736 0 -0.9848
24.9171 10.1 -43.1577 0.0874 0 0.5 0 -0.866
38.1752 10.1 -32.0328 0.1953 0 0.766 0 -0.6428
38.1752 0.1 -32.0328 0.1953 0 0.766 0 -0.6428
24.9171 0.1 -43.1577 0.0874 0 0.5 0 -0.866
24.9171 0.1 -43.1577 0.0874 0 0.5 0 -0.866
24.9171 10.1 -43.1577 0.0874 0 0.5 0 -0.866
38.1752 10.1 -32.0328 0.1953 0 0.766 0 -0.6428
46.8288 10.1 -17.0443 0.6944 0 0.9397 0 -0.342
46.8288 0.1 -17.0443 0.6944 0 0.9397 0 -0.342
38.1752 0.1 -32.0328 0.1953 0 0.766 0 -0.6428
38.1752 0.1 -32.0328 0.1953 0 0.766 0 -0.6428
38.1752 10.1 -32.0328 0.1953 0 0.766 0 -0.6428
46.8288 10.1 -17.0443 0.6944 0 0.9397 0 -0.342
49.8342 10.1 0 0.75 0 1 0 -0
49.8342 0.1 0 0.75 0 1 0 -0
46.8288 0.1 -17.0443 0.6944 0 0.9397 0 -0.342
46.8288 0.1 -17.0443 0.6944 0 0.9397 0 -0.342
46.8288 10.1 -17.0443 0.6944 0 0.9397 0 -0.342
49.8342 10.1 0 0.75 0 1 0 -0
48.311 10.1 0 0.75 0 -1 0 0
48.311 0.1 0 0.75 0 -1 0 0
45.3975 0.1 16.5233 0.8056 0 -0.9397 0 -0.342
45.3975 0.1 16.5233 0.8056 0 -0.9397 0 -0.342
45.3975 10.1 16.5233 0.8056 0 -0.9397 0 -0.342
48.311 10.1 0 0.75 0 -1 0 0
45.3975 10.1 -16.5234 0.6944 0 -0.9397 0 0.342
45.3975 0.1 -16.5234 0.6944 0 -0.9397 0 0.342
48.311 0.1 0 0.75 0 -1 0 0
48.311 0.1 0 0.75 0 -1 0 0
48.311 10.1 0 0.75 0 -1 0 0
45.3975 10.1 -16.5234 0.6944 0 -0.9397 0 0.342
37.0084 10.1 -31.0538 0.1953 0 -0.766 0 0.6428
37.0084 0.1 -31.0538 0.1953 0 -0.766 0 0.6428
45.3975 0.1 -16.5234 0.6944 0 -0.9397 0 0.342
45.3975 0.1 -16.5234 0.6944 0 -0.9397 0 0.342
45.3975 10.1 -16.5234 0.6944 0 -0.9397 0 0.342
37.0084 10.1 -31.0538 0.1953 0 -0.766 0 0.6428
24.1555 10.1 -41.8386 0.0874 0 -0.5 0 0.866
24.1555 0.1 -41.8386 0.0874 0 -0.5 0 0.866
37.0084 0.1 -31.0538 0.1953 0 -0.766 0 0.6428
37.0084 0.1 -31.0538 0.1953 0 -0.766 0 0.6428
37.0084 10.1 -31.0538 0.1953 0 -0.766 0 0.6428
24.1555 10.1 -41.8386 0.0874 0 -0.5 0 0.866
8.3891 10.1 -47.5771 0.0292 0 -0.1736 0 0.9848
8.3891 0.1 -47.5771 0.0292 0 -0.1736 0 0.9848
24.1555 0.1 -41.8386 0.0874 0 -0.5 0 0.866
24.1555 0.1 -41.8386 0.0874 0 -0.5 0 0.866
24.1555 10.1 -41.8386 0.0874 0 -0.5 0 0.866
8.3891 10.1 -47.5771 0.0292 0 -0.1736 0 0.9848
-8.3891 10.1 -47.5771 0.0278 0 0.1736 0 0.9848
-8.3891 0.1 -47.5771 0.0278 0 0.1736 0 0.9848
8.3891 0.1 -47.5771 0.0292 0 -0.1736 0 0.9848
8.3891 0.1 -47.5771 0.0292 0 -0.1736 0 0.9848
8.3891 10.1 -47.5771 0.0292 0 -0.1736 0 0.9848
-8.3891 10.1 -47.5771 0.0278 0 0.1736 0 0.9848
-24.1555 10.1 -41.8386 0.0833 0 0.5 0 0.866
-24.1555 0.1 -41.8386 0.0833 0 0.5 0 0.866
-8.3891 0.1 -47.5771 0.0278 0 0.1736 0 0.9848
-8.3891 0.1 -47.5771 0.0278 0 0.1736 0 0.9848
-8.3891 10.1 -47.5771 0.0278 0 0.1736 0 0.9848
-24.1555 10.1 -41.8386 0.0833 0 0.5 0 0.866
-37.0084 10.1 -31.0537 0.1891 0 0.766 0 0.6428
-37.0084 0.1 -31.0537 0.1891 0 0.766 0 0.6428
-24.1555 0.1 -41.8386 0.0833 0 0.5 0 0.866
-24.1555 0.1 -41.8386 0.0833 0 0.5 0 0.866
-24.1555 10.1 -41.8386 0.0833 0 0.5 0 0.866
-37.0084 10.1 -31.0537 0.1891 0 0.766 0 0.6428
-45.3975 10.1 -16.5233 0.3325 0 0.9397 0 0.342
-45.3975 0.1 -16.5233 0.3325 0 0.9397 0 0.342
-37.0084 0.1 -31.0537 0.1891 0 0.766 0 0.6428
-37.0084 0.1 -31.0537 0.1891 0 0.766 0 0.6428
-37.0084 10.1 -31.0537 0.1891 0 0.766 0 0.6428
-45.3975 10.1 -16.5233 0.3325 0 0.9397 0 0.342
-48.311 10.1 0 0.496 0 1 0 -0
-48.311 0.1 0 0.496 0 1 0 0
-45.3975 0.1 -16.5233 0.3325 0 0.9397 0 0.342
-45.3975 0.1 -16.5233 0.3325 0 0.9397 0 0.342
-45.3975 10.1 -16.5233 0.3325 0 0.9397 0 0.342
-48.311 10.1 0 0.496 0 1 0 -0
-45.3975 10.1 16.5234 0.66 0 0.9397 0 -0.342
-45.3975 0.1 16.5234 0.66 0 0.9397 0 -0.342
-48.311 0.1 0 0.496 0 1 0 0
-48.311 0.1 0 0.496 0 1 0 0
-48.311 10.1 0 0.496 0 1 0 -0
-45.3975 10.1 16.5234 0.66 0 0.9397 0 -0.342
-37.0084 10.1 31.0537 0.8047 0 0.766 0 -0.6428
-37.0084 0.1 31.0537 0.8047 0 0.766 0 -0.6428
-45.3975 0.1 16.5234 0.66 0 0.9397 0 -0.342
-45.3975 0.1 16.5234 0.66 0 0.9397 0 -0.342
-45.3975 10.1 16.5234 0.66 0 0.9397 0 -0.342
-37.0084 10.1 31.0537 0.8047 0 0.766 0 -0.6428
-24.1555 10.1 41.8386 0.9126 0 0.5 0 -0.866
-24.1555 0.1 41.8386 0.9126 0 0.5 0 -0.866
-37.0084 0.1 31.0537 0.8047 0 0.766 0 -0.6428
-37.0084 0.1 31.0537 0.8047 0 0.766 0 -0.6428
-37.0084 10.1 31.0537 0.8047 0 0.766 0 -0.6428
-24.1555 10.1 41.8386 0.9126 0 0.5 0 -0.866
-8.3891 10.1 47.5771 0.9708 0 0.1736 0 -0.9848
-8.3891 0.1 47.5771 0.9708 0 0.1736 0 -0.9848
-24.1555 0.1 41.8386 0.9126 0 0.5 0 -0.866
-24.1555 0.1 41.8386 0.9126 0 0.5 0 -0.866
-24.1555 10.1 41.8386 0.9126 0 0.5 0 -0.866
-8.3891 10.1 47.5771 0.9708 0 0.1736 0 -0.9848
8.3891 10.1 47.5771 0.9722 0 -0.1736 0 -0.9848
8.3891 0.1 47.5771 0.9722 0 -0.1736 0 -0.9848
-8.3891 0.1 47.5771 0.9708 0 0.1736 0 -0.9848
-8.3891 0.1 47.5771 0.9708 0 0.1736 0 -0.9848
-8.3891 10.1 47.5771 0.9708 0 0.1736 0 -0.9848
8.3891 10.1 47.5771 0.9722 0 -0.1736 0 -0.9848
24.1555 10.1 41.8386 0.9167 0 -0.5 0 -0.866
24.1555 0.1 41.8386 0.9167 0 -0.5 0 -0.866
8.3891 0.1 47.5771 0.9722 0 -0.1736 0 -0.9848
8.3891 0.1 47.5771 0.9722 0 -0.1736 0 -0.9848
8.3891 10.1 47.5771 0.9722 0 -0.1736 0 -0.9848
24.1555 10.1 41.8386 0.9167 0 -0.5 0 -0.866
37.0084 10.1 31.0537 0.8611 0 -0.766 0 -0.6428
37.0084 0.1 31.0537 0.8611 0 -0.766 0 -0.6428
24.1555 0.1 41.8386 0.9167 0 -0.5 0 -0.866
24.1555 0.1 41.8386 0.9167 0 -0.5 0 -0.866
24.1555 10.1 41.8386 0.9167 0 -0.5 0 -0.866
37.0084 10.1 31.0537 0.8611 0 -0.766 0 -0.6428
45.3975 10.1 16.5233 0.8056 0 -0.9397 0 -0.342
45.3975 0.1 16.5233 0.8056 0 -0.9397 0 -0.342
37.0084 0.1 31.0537 0.8611 0 -0.766 0 -0.6428
37.0084 0.1 31.0537 0.8611 0 -0.766 0 -0.6428
37.0084 10.1 31.0537 0.8611 0 -0.766 0 -0.6428
45.3975 10.1 16.5233 0.8056 0 -0.9397 0 -0.342
21.5428 0.1 7.8409 0.8056 0 0 1 0
45.3975 0.1 16.5233 0.8056 0 0 1 0
48.311 0.1 0 0.75 0 0 1 0
48.311 0.1 0 0.75 0 0 1 0
22.9254 0.1 0 0.75 0 0 1 0
21.5428 0.1 7.8409 0.8056 0 0 1 0
17.5619 0.1 14.7361 0.8611 0 0 1 0
37.0084 0.1 31.0537 0.8611 0 0 1 0
45.3975 0.1 16.5233 0.8056 0 0 1 0
45.3975 0.1 16.5233 0.8056 0 0 1 0
21.5428 0.1 7.8409 0.8056 0 0 1 0
17.5619 0.1 14.7361 0.8611 0 0 1 0
11.4627 0.1 19.854 0.9167 0 0 1 0
24.1555 0.1 41.8386 0.9167 0 0 1 0
37.0084 0.1 31.0537 0.8611 0 0 1 0
37.0084 0.1 31.0537 0.8611 0 0 1 0
17.5619 0.1 14.7361 0.8611 0 0 1 0
11.4627 0.1 19.854 0.9167 0 0 1 0
3.9809 0.1 22.5771 0.9722 0 0 1 0
8.3891 0.1 47.5771 0.9722 0 0 1 0
24.1555 0.1 41.8386 0.9167 0 0 1 0
24.1555 0.1 41.8386 0.9167 0 0 1 0
11.4627 0.1 19.854 0.9167 0 0 1 0
3.9809 0.1 22.5771 0.9722 0 0 1 0
-3.981 0.1 22.5771 0.9708 0 0 1 0
-8.3891 0.1 47.5771 0.9708 0 0 1 0
8.3891 0.1 47.5771 0.9722 0 0 1 0
8.3891 0.1 47.5771 0.9722 0 0 1 0
3.9809 0.1 22.5771 0.9722 0 0 1 0
-3.981 0.1 22.5771 0.9708 0 0 1 0
-11.4627 0.1 19.854 0.9126 0 0 1 0
-24.1555 0.1 41.8386 0.9126 0 0 1 0
-8.3891 0.1 47.5771 0.9708 0 0 1 0
-8.3891 0.1 47.5771 0.9708 0 0 1 0
-3.981 0.1 22.5771 0.9708 0 0 1 0
-11.4627 0.1 19.854 0.9126 0 0 1 0
-17.5619 0.1 14.7361 0.8047 0 0 1 0
-37.0084 0.1 31.0537 0.8047 0 0 1 0
-24.1555 0.1 41.8386 0.9126 0 0 1 0
-24.1555 0.1 41.8386 0.9126 0 0 1 0
-11.4627 0.1 19.854 0.9126 0 0 1 0
-17.5619 0.1 14.7361 0.8047 0 0 1 0
-21.5428 0.1 7.8409 0.66 0 0 1 0
-45.3975 0.1 16.5234 0.66 0 0 1 0
-37.0084 0.1 31.0537 0.8047 0 0 1 0
-37.0084 0.1 31.0537 0.8047 0 0 1 0
-17.5619 0.1 14.7361 0.8047 0 0 1 0
-21.5428 0.1 7.8409 0.66 0 0 1 0
-22.9254 0.1 0 0.496 0 0 1 0
-48.311 0.1 0 0.496 0 0 1 0
-45.3975 0.1 16.5234 0.66 0 0 1 0
-45.3975 0.1 16.5234 0.66 0 0 1 0
-21.5428 0.1 7.8409 0.66 0 0 1 0
-22.9254 0.1 0 0.496 0 0 1 0
-21.5428 0.1 -7.8409 0.3325 0 0 1 0
-45.3975 0.1 -16.5233 0.3325 0 0 1 0
-48.311 0.1 0 0.496 0 0 1 0
-48.311 0.1 0 0.496 0 0 1 0
-22.9254 0.1 0 0.496 0 0 1 0
-21.5428 0.1 -7.8409 0.3325 0 0 1 0
-17.5619 0.1 -14.7361 0.1891 0 0 1 0
-37.0084 0.1 -31.0537 0.1891 0 0 1 0
-45.3975 0.1 -16.5233 0.3325 0 0 1 0
-45.3975 0.1 -16.5233 0.3325 0 0 1 0
-21.5428 0.1 -7.8409 0.3325 0 0 1 0
-17.5619 0.1 -14.7361 0.1891 0 0 1 0
-11.4627 0.1 -19.854 0.0833 0 0 1 0
-24.1555 0.1 -41.8386 0.0833 0 0 1 0
-37.0084 0.1 -31.0537 0.1891 0 0 1 0
-37.0084 0.1 -31.0537 0.1891 0 0 1 0
-17.5619 0.1 -14.7361 0.1891 0 0 1 0
-11.4627 0.1 -19.854 0.0833 0 0 1 0
-3.981 0.1 -22.5771 0.0278 0 0 1 0
-8.3891 0.1 -47.5771 0.0278 0 0 1 0
-24.1555 0.1 -41.8386 0.0833 0 0 1 0
-24.1555 0.1 -41.8386 0.0833 0 0 1 0
-11.4627 0.1 -19.854 0.0833 0 0 1 0
-3.981 0.1 -22.5771 0.0278 0 0 1 0
3.9809 0.1 -22.5771 0.0292 0 0 1 0
8.3891 0.1 -47.5771 0.0292 0 0 1 0
-8.3891 0.1 -47.5771 0.0278 0 0 1 0
-8.3891 0.1 -47.5771 0.0278 0 0 1 0
-3.981 0.1 -22.5771 0.0278 0 0 1 0
3.9809 0.1 -22.5771 0.0292 0 0 1 0
11.4627 0.1 -19.854 0.0874 0 0 1 0
24.1555 0.1 -41.8386 0.0874 0 0 1 0
8.3891 0.1 -47.5771 0.0292 0 0 1 0
8.3891 0.1 -47.5771 0.0292 0 0 1 0
3.9809 0.1 -22.5771 0.0292 0 0 1 0
11.4627 0.1 -19.854 0.0874 0 0 1 0
17.5618 0.1 -14.7362 0.1953 0 0 1 0
37.0084 0.1 -31.0538 0.1953 0 0 1 0
24.1555 0.1 -41.8386 0.0874 0 0 1 0
24.1555 0.1 -41.8386 0.0874 0 0 1 0
11.4627 0.1 -19.854 0.0874 0 0 1 0
17.5618 0.1 -14.7362 0.1953 0 0 1 0
21.5428 0.1 -7.841 0.6944 0 0 1 0
45.3975 0.1 -16.5234 0.6944 0 0 1 0
37.0084 0.1 -31.0538 0.1953 0 0 1 0
37.0084 0.1 -31.0538 0.1953 0 0 1 0
17.5618 0.1 -14.7362 0.1953 0 0 1 0
21.5428 0.1 -7.841 0.6944 0 0 1 0
22.9254 0.1 0 0.75 0 0 1 0
48.311 0.1 0 0.75 0 0 1 0
45.3975 0.1 -16.5234 0.6944 0 0 1 0
45.3975 0.1 -16.5234 0.6944 0 0 1 0
21.5428 0.1 -7.841 0.6944 0 0 1 0
22.9254 0.1 0 0.75 0 0 1 0
20.5886 10.1 7.4936 0.8056 0 0 1 0
21.5428 10.1 7.8409 0.8056 0 0 1 0
22.9254 10.1 0 0.75 0 0 1 0
22.9254 10.1 0 0.75 0 0 1 0
21.9099 10.1 0 0.75 0 0 1 0
20.5886 10.1 7.4936 0.8056 0 0 1 0
16.784 10.1 14.0834 0.8611 0 0 1 0
17.5619 10.1 14.7361 0.8611 0 0 1 0
21.5428 10.1 7.8409 0.8056 0 0 1 0
21.5428 10.1 7.8409 0.8056 0 0 1 0
20.5886 10.1 7.4936 0.8056 0 0 1 0
16.784 10.1 14.0834 0.8611 0 0 1 0
10.955 10.1 18.9746 0.9167 0 0 1 0
11.4627 10.1 19.854 0.9167 0 0 1 0
17.5619 10.1 14.7361 0.8611 0 0 1 0
17.5619 10.1 14.7361 0.8611 0 0 1 0
16.784 10.1 14.0834 0.8611 0 0 1 0
10.955 10.1 18.9746 0.9167 0 0 1 0
3.8046 10.1 21.5771 0.9722 0 0 1 0
3.9809 10.1 22.5771 0.9722 0 0 1 0
11.4627 10.1 19.854 0.9167 0 0 1 0
11.4627 10.1 19.854 0.9167 0 0 1 0
10.955 10.1 18.9746 0.9167 0 0 1 0
3.8046 10.1 21.5771 0.9722 0 0 1 0
-3.8046 10.1 21.5771 0.9708 0 0 1 0
-3.981 10.1 22.5771 0.9708 0 0 1 0
3.9809 10.1 22.5771 0.9722 0 0 1 0
3.9809 10.1 22.5771 0.9722 0 0 1 0
3.8046 10.1 21.5771 0.9722 0 0 1 0
-3.8046 10.1 21.5771 0.9708 0 0 1 0
-10.955 10.1 18.9746 0.9126 0 0 1 0
-11.4627 10.1 19.854 0.9126 0 0 1 0
-3.981 10.1 22.5771 0.9708 0 0 1 0
-3.981 10.1 22.5771 0.9708 0 0 1 0
-3.8046 10.1 21.5771 0.9708 0 0 1 0
-10.955 10.1 18.9746 0.9126 0 0 1 0
-16.784 10.1 14.0834 0.8047 0 0 1 0
-17.5619 10.1 14.7361 0.8047 0 0 1 0
-11.4627 10.1 19.854 0.9126 0 0 1 0
-11.4627 10.1 19.854 0.9126 0 0 1 0
-10.955 10.1 18.9746 0.9126 0 0 1 0
-16.784 10.1 14.0834 0.8047 0 0 1 0
-20.5886 10.1 7.4936 0.66 0 0 1 0
-21.5428 10.1 7.8409 0.66 0 0 1 0
-17.5619 10.1 14.7361 0.8047 0 0 1 0
-17.5619 10.1 14.7361 0.8047 0 0 1 0
-16.784 10.1 14.0834 0.8047 0 0 1 0
-20.5886 10.1 7.4936 0.66 0 0 1 0
-21.91 10.1 0 0.496 0 0 1 0
-22.9254 10.1 0 0.496 0 0 1 0
-21.5428 10.1 7.8409 0.66 0 0 1 0
-21.5428 10.1 7.8409 0.66 0 0 1 0
-20.5886 10.1 7.4936 0.66 0 0 1 0
-21.91 10.1 0 0.496 0 0 1 0
-20.5886 10.1 -7.4936 0.3325 0 0 1 0
-21.5428 10.1 -7.8409 0.3325 0 0 1 0
-22.9254 10.1 0 0.496 0 0 1 0
-22.9254 10.1 0 0.496 0 0 1 0
-21.91 10.1 0 0.496 0 0 1 0
-20.5886 10.1 -7.4936 0.3325 0 0 1 0
-16.784 10.1 -14.0834 0.1891 0 0 1 0
-17.5619 10.1 -14.7361 0.1891 0 0 1 0
-21.5428 10.1 -7.8409 0.3325 0 0 1 0
-21.5428 10.1 -7.8409 0.3325 0 0 1 0
-20.5886 10.1 -7.4936 0.3325 0 0 1 0
-16.784 10.1 -14.0834 0.1891 0 0 1 0
-10.955 10.1 -18.9746 0.0833 0 0 1 0
-11.4627 10.1 -19.854 0.0833 0 0 1 0
-17.5619 10.1 -14.7361 0.1891 0 0 1 0
-17.5619 10.1 -14.7361 0.1891 0 0 1 0
-16.784 10.1 -14.0834 0.1891 0 0 1 0
-10.955 10.1 -18.9746 0.0833 0 0 1 0
-3.8046 10.1 -21.5771 0.0278 0 0 1 0
-3.981 10.1 -22.5771 0.0278 0 0 1 0
-11.4627 10.1 -19.854 0.0833 0 0 1 0
-11.4627 10.1 -19.854 0.0833 0 0 1 0
-10.955 10.1 -18.9746 0.0833 0 0 1 0
-3.8046 10.1 -21.5771 0.0278 0 0 1 0
3.8046 10.1 -21.5771 0.0292 0 0 1 0
3.9809 10.1 -22.5771 0.0292 0 0 1 0
-3.981 10.1 -22.5771 0.0278 0 0 1 0
-3.981 10.1 -22.5771 0.0278 0 0 1 0
-3.8046 10.1 -21.5771 0.0278 0 0 1 0
3.8046 10.1 -21.5771 0.0292 0 0 1 0
10.955 10.1 -18.9746 0.0874 0 0 1 0
11.4627 10.1 -19.854 0.0874 0 0 1 0
3.9809 10.1 -22.5771 0.0292 0 0 1 0
3.9809 10.1 -22.5771 0.0292 0 0 1 0
3.8046 10.1 -21.5771 0.0292 0 0 1 0
10.955 10.1 -18.9746 0.0874 0 0 1 0
16.784 10.1 -14.0835 0.1953 0 0 1 0
17.5618 10.1 -14.7362 0.1953 0 0 1 0
11.4627 10.1 -19.854 0.0874 0 0 1 0
11.4627 10.1 -19.854 0.0874 0 0 1 0
10.955 10.1 -18.9746 0.0874 0 0 1 0
16.784 10.1 -14.0835 0.1953 0 0 1 0
20.5886 10.1 -7.4937 0.6944 0 0 1 0
21.5428 10.1 -7.841 0.6944 0 0 1 0
17.5618 10.1 -14.7362 0.1953 0 0 1 0
17.5618 10.1 -14.7362 0.1953 0 0 1 0
16.784 10.1 -14.0835 0.1953 0 0 1 0
20.5886 10.1 -7.4937 0.6944 0 0 1 0
21.9099 10.1 0 0.75 0 0 1 0
22.9254 10.1 0 0.75 0 0 1 0
21.5428 10.1 -7.841 0.6944 0 0 1 0
21.5428 10.1 -7.841 0.6944 0 0 1 0
20.5886 10.1 -7.4937 0.6944 0 0 1 0
21.9099 10.1 0 0.75 0 0 1 0
21.5428 10.1 7.8409 0.8056 0 0.9397 0 0.342
21.5428 0.1 7.8409 0.8056 0 0.9397 0 0.342
22.9254 0.1 0 0.75 0 1 0 -0
22.9254 0.1 0 0.75 0 1 0 -0
22.9254 10.1 0 0.75 0 1 0 -0
21.5428 10.1 7.8409 0.8056 0 0.9397 0 0.342
17.5619 10.1 14.7361 0.8611 0 0.766 0 0.6428
17.5619 0.1 14.7361 0.8611 0 0.766 0 0.6428
21.5428 0.1 7.8409 0.8056 0 0.9397 0 0.342
21.5428 0.1 7.8409 0.8056 0 0.9397 0 0.342
21.5428 10.1 7.8409 0.8056 0 0.9397 0 0.342
17.5619 10.1 14.7361 0.8611 0 0.766 0 0.6428
11.4627 10.1 19.854 0.9167 0 0.5 0 0.866
11.4627 0.1 19.854 0.9167 0 0.5 0 0.866
17.5619 0.1 14.7361 0.8611 0 0.766 0 0.6428
17.5619 0.1 14.7361 0.8611 0 0.766 0 0.6428
17.5619 10.1 14.7361 0.8611 0 0.766 0 0.6428
11.4627 10.1 19.854 0.9167 0 0.5 0 0.866
3.9809 10.1 22.5771 0.9722 0 0.1736 0 0.9848
3.9809 0.1 22.5771 0.9722 0 0.1736 0 0.9848
11.4627 0.1 19.854 0.9167 0 0.5 0 0.866
11.4627 0.1 19.854 0.9167 0 0.5 0 0.866
11.4627 10.1 19.854 0.9167 0 0.5 0 0.866
3.9809 10.1 22.5771 0.9722 0 0.1736 0 0.9848
-3.981 10.1 22.5771 0.9708 0 -0.1736 0 0.9848
-3.981 0.1 22.5771 0.9708 0 -0.1736 0 0.9848
3.9809 0.1 22.5771 0.9722 0 0.1736 0 0.9848
3.9809 0.1 22.5771 0.9722 0 0.1736 0 0.9848
3.9809 10.1 22.5771 0.9722 0 0.1736 0 0.9848
-3.981 10.1 22.5771 0.9708 0 -0.1736 0 0.9848
-11.4627 10.1 19.854 0.9126 0 -0.5 0 0.866
-11.4627 0.1 19.854 0.9126 0 -0.5 0 0.866
-3.981 0.1 22.5771 0.9708 0 -0.1736 0 0.9848
-3.981 0.1 22.5771 0.9708 0 -0.1736 0 0.9848
-3.981 10.1 22.5771 0.9708 0 -0.1736 0 0.9848
-11.4627 10.1 19.854 0.9126 0 -0.5 0 0.866
-17.5619 10.1 14.7361 0.8047 0 -0.766 0 0.6428
-17.5619 0.1 14.7361 0.8047 0 -0.766 0 0.6428
-11.4627 0.1 19.854 0.9126 0 -0.5 0 0.866
-11.4627 0.1 19.854 0.9126 0 -0.5 0 0.866
-11.4627 10.1 19.854 0.9126 0 -0.5 0 0.866
-17.5619 10.1 14.7361 0.8047 0 -0.766 0 0.6428
-21.5428 10.1 7.8409 0.66 0 -0.9397 0 0.342
-21.5428 0.1 7.8409 0.66 0 -0.9397 0 0.342
-17.5619 0.1 14.7361 0.8047 0 -0.766 0 0.6428
-17.5619 0.1 14.7361 0.8047 0 -0.766 0 0.6428
-17.5619 10.1 14.7361 0.8047 0 -0.766 0 0.6428
-21.5428 10.1 7.8409 0.66 0 -0.9397 0 0.342
-22.9254 10.1 0 0.496 0 -1 0 -0
-22.9254 0.1 0 0.496 0 -1 0 -0
-21.5428 0.1 7.8409 0.66 0 -0.9397 0 0.342
-21.5428 0.1 7.8409 0.66 0 -0.9397 0 0.342
-21.5428 10.1 7.8409 0.66 0 -0.9397 0 0.342
-22.9254 10.1 0 0.496 0 -1 0 -0
-21.5428 10.1 -7.8409 0.3325 0 -0.9397 0 -0.342
-21.5428 0.1 -7.8409 0.3325 0 -0.9397 0 -0.342
-22.9254 0.1 0 0.496 0 -1 0 -0
-22.9254 0.1 0 0.496 0 -1 0 -0
-22.9254 10.1 0 0.496 0 -1 0 -0
-21.5428 10.1 -7.8409 0.3325 0 -0.9397 0 -0.342
-17.5619 10.1 -14.7361 0.1891 0 -0.766 0 -0.6428
-17.5619 0.1 -14.7361 0.1891 0 -0.766 0 -0.6428
-21.5428 0.1 -7.8409 0.3325 0 -0.9397 0 -0.342
-21.5428 0.1 -7.8409 0.3325 0 -0.9397 0 -0.342
-21.5428 10.1 -7.8409 0.3325 0 -0.9397 0 -0.342
-17.5619 10.1 -14.7361 0.1891 0 -0.766 0 -0.6428
-11.4627 10.1 -19.854 0.0833 0 -0.5 0 -0.866
-11.4627 0.1 -19.854 0.0833 0 -0.5 0 -0.866
-17.5619 0.1 -14.7361 0.1891 0 -0.766 0 -0.6428
-17.5619 0.1 -14.7361 0.1891 0 -0.766 0 -0.6428
-17.5619 10.1 -14.7361 0.1891 0 -0.766 0 -0.6428
-11.4627 10.1 -19.854 0.0833 0 -0.5 0 -0.866
-3.981 10.1 -22.5771 0.0278 0 -0.1736 0 -0.9848
-3.981 0.1 -22.5771 0.0278 0 -0.1736 0 -0.9848
-11.4627 0.1 -19.854 0.0833 0 -0.5 0 -0.866
-11.4627 0.1 -19.854 0.0833 0 -0.5 0 -0.866
-11.4627 10.1 -19.854 0.0833 0 -0.5 0 -0.866
-3.981 10.1 -22.5771 0.0278 0 -0.1736 0 -0.9848
3.9809 10.1 -22.5771 0.0292 0 0.1736 0 -0.9848
3.9809 0.1 -22.5771 0.0292 0 0.1736 0 -0.9848
-3.981 0.1 -22.5771 0.0278 0 -0.1736 0 -0.9848
-3.981 0.1 -22.5771 0.0278 0 -0.1736 0 -0.9848
-3.981 10.1 -22.5771 0.0278 0 -0.1736 0 -0.9848
3.9809 10.1 -22.5771 0.0292 0 0.1736 0 -0.9848
11.4627 10.1 -19.854 0.0874 0 0.5 0 -0.866
11.4627 0.1 -19.854 0.0874 0 0.5 0 -0.866
3.9809 0.1 -22.5771 0.0292 0 0.1736 0 -0.9848
3.9809 0.1 -22.5771 0.0292 0 0.1736 0 -0.9848
3.9809 10.1 -22.5771 0.0292 0 0.1736 0 -0.9848
11.4627 10.1 -19.854 0.0874 0 0.5 0 -0.866
17.5618 10.1 -14.7362 0.1953 0 0.766 0 -0.6428
17.5618 0.1 -14.7362 0.1953 0 0.766 0 -0.6428
11.4627 0.1 -19.854 0.0874 0 0.5 0 -0.866
11.4627 0.1 -19.854 0.0874 0 0.5 0 -0.866
11.4627 10.1 -19.854 0.0874 0 0.5 0 -0.866
17.5618 10.1 -14.7362 0.1953 0 0.766 0 -0.6428
21.5428 10.1 -7.841 0.6944 0 0.9397 0 -0.342
21.5428 0.1 -7.841 0.6944 0 0.9397 0 -0.342
17.5618 0.1 -14.7362 0.1953 0 0.766 0 -0.6428
17.5618 0.1 -14.7362 0.1953 0 0.766 0 -0.6428
17.5618 10.1 -14.7362 0.1953 0 0.766 0 -0.6428
21.5428 10.1 -7.841 0.6944 0 0.9397 0 -0.342
22.9254 10.1 0 0.75 0 1 0 -0
22.9254 0.1 0 0.75 0 1 0 -0
21.5428 0.1 -7.841 0.6944 0 0.9397 0 -0.342
21.5428 0.1 -7.841 0.6944 0 0.9397 0 -0.342
21.5428 10.1 -7.841 0.6944 0 0.9397 0 -0.342
22.9254 10.1 0 0.75 0 1 0 -0
21.9099 10.1 0 0.75 0 -1 0 0
21.9099 0.1 0 0.75 0 -1 0 0
20.5886 0.1 7.4936 0.8056 0 -0.9397 0 -0.342
20.5886 0.1 7.4936 0.8056 0 -0.9397 0 -0.342
20.5886 10.1 7.4936 0.8056 0 -0.9397 0 -0.342
21.9099 10.1 0 0.75 0 -1 0 0
20.5886 10.1 -7.4937 0.6944 0 -0.9397 0 0.342
20.5886 0.1 -7.4937 0.6944 0 -0.9397 0 0.342
21.9099 0.1 0 0.75 0 -1 0 0
21.9099 0.1 0 0.75 0 -1 0 0
21.9099 10.1 0 0.75 0 -1 0 0
20.5886 10.1 -7.4937 0.6944 0 -0.9397 0 0.342
16.784 10.1 -14.0835 0.1953 0 -0.766 0 0.6428
16.784 0.1 -14.0835 0.1953 0 -0.766 0 0.6428
20.5886 0.1 -7.4937 0.6944 0 -0.9397 0 0.342
20.5886 0.1 -7.4937 0.6944 0 -0.9397 0 0.342
20.5886 10.1 -7.4937 0.6944 0 -0.9397 0 0.342
16.784 10.1 -14.0835 0.1953 0 -0.766 0 0.6428
10.955 10.1 -18.9746 0.0874 0 -0.5 0 0.866
10.955 0.1 -18.9746 0.0874 0 -0.5 0 0.866
16.784 0.1 -14.0835 0.1953 0 -0.766 0 0.6428
16.784 0.1 -14.0835 0.1953 0 -0.766 0 0.6428
16.784 10.1 -14.0835 0.1953 0 -0.766 0 0.6428
10.955 10.1 -18.9746 0.0874 0 -0.5 0 0.866
3.8046 10.1 -21.5771 0.0292 0 -0.1736 0 0.9848
3.8046 0.1 -21.5771 0.0292 0 -0.1736 0 0.9848
10.955 0.1 -18.9746 0.0874 0 -0.5 0 0.866
10.955 0.1 -18.9746 0.0874 0 -0.5 0 0.866
10.955 10.1 -18.9746 0.0874 0 -0.5 0 0.866
3.8046 10.1 -21.5771 0.0292 0 -0.1736 0 0.9848
-3.8046 10.1 -21.5771 0.0278 0 0.1736 0 0.9848
-3.8046 0.1 -21.5771 0.0278 0 0.1736 0 0.9848
3.8046 0.1 -21.5771 0.0292 0 -0.1736 0 0.9848
3.8046 0.1 -21.5771 0.0292 0 -0.1736 0 0.9848
3.8046 10.1 -21.5771 0.0292 0 -0.1736 0 0.9848
-3.8046 10.1 -21.5771 0.0278 0 0.1736 0 0.9848
-10.955 10.1 -18.9746 0.0833 0 0.5 0 0.866
-10.955 0.1 -18.9746 0.0833 0 0.5 0 0.866
-3.8046 0.1 -21.5771 0.0278 0 0.1736 0 0.9848
-3.8046 0.1 -21.5771 0.0278 0 0.1736 0 0.9848
-3.8046 10.1 -21.5771 0.0278 0 0.1736 0 0.9848
-10.955 10.1 -18.9746 0.0833 0 0.5 0 0.866
-16.784 10.1 -14.0834 0.1891 0 0.766 0 0.6428
-16.784 0.1 -14.0834 0.1891 0 0.766 0 0.6428
-10.955 0.1 -18.9746 0.0833 0 0.5 0 0.866
-10.955 0.1 -18.9746 0.0833 0 0.5 0 0.866
-10.955 10.1 -18.9746 0.0833 0 0.5 0 0.866
-16.784 10.1 -14.0834 0.1891 0 0.766 0 0.6428
-20.5886 10.1 -7.4936 0.3325 0 0.9397 0 0.342
-20.5886 0.1 -7.4936 0.3325 0 0.9397 0 0.342
-16.784 0.1 -14.0834 0.1891 0 0.766 0 0.6428
-16.784 0.1 -14.0834 0.1891 0 0.766 0 0.6428
-16.784 10.1 -14.0834 0.1891 0 0.766 0 0.6428
-20.5886 10.1 -7.4936 0.3325 0 0.9397 0 0.342
-21.91 10.1 0 0.496 0 1 0 0
-21.91 0.1 0 0.496 0 1 0 0
-20.5886 0.1 -7.4936 0.3325 0 0.9397 0 0.342
-20.5886 0.1 -7.4936 0.3325 0 0.9397 0 0.342
-20.5886 10.1 -7.4936 0.3325 0 0.9397 0 0.342
-21.91 10.1 0 0.496 0 1 0 0
-20.5886 10.1 7.4936 0.66 0 0.9397 0 -0.342
-20.5886 0.1 7.4936 0.66 0 0.9397 0 -0.342
-21.91 0.1 0 0.496 0 1 0 0
-21.91 0.1 0 0.496 0 1 0 0
-21.91 10.1 0 0.496 0 1 0 0
-20.5886 10.1 7.4936 0.66 0 0.9397 0 -0.342
-16.784 10.1 14.0834 0.8047 0 0.766 0 -0.6428
-16.784 0.1 14.0834 0.8047 0 0.766 0 -0.6428
-20.5886 0.1 7.4936 0.66 0 0.9397 0 -0.342
-20.5886 0.1 7.4936 0.66 0 0.9397 0 -0.342
-20.5886 10.1 7.4936 0.66 0 0.9397 0 -0.342
-16.784 10.1 14.0834 0.8047 0 0.766 0 -0.6428
-10.955 10.1 18.9746 0.9126 0 0.5 0 -0.866
-10.955 0.1 18.9746 0.9126 0 0.5 0 -0.866
-16.784 0.1 14.0834 0.8047 0 0.766 0 -0.6428
-16.784 0.1 14.0834 0.8047 0 0.766 0 -0.6428
-16.784 10.1 14.0834 0.8047 0 0.766 0 -0.6428
-10.955 10.1 18.9746 0.9126 0 0.5 0 -0.866
-3.8046 10.1 21.5771 0.9708 0 0.1736 0 -0.9848
-3.8046 0.1 21.5771 0.9708 0 0.1736 0 -0.9848
-10.955 0.1 18.9746 0.9126 0 0.5 0 -0.866
-10.955 0.1 18.9746 0.9126 0 0.5 0 -0.866
-10.955 10.1 18.9746 0.9126 0 0.5 0 -0.866
-3.8046 10.1 21.5771 0.9708 0 0.1736 0 -0.9848
3.8046 10.1 21.5771 0.9722 0 -0.1736 0 -0.9848
3.8046 0.1 21.5771 0.9722 0 -0.1736 0 -0.9848
-3.8046 0.1 21.5771 0.9708 0 0.1736 0 -0.9848
-3.8046 0.1 21.5771 0.9708 0 0.1736 0 -0.9848
-3.8046 10.1 21.5771 0.9708 0 0.1736 0 -0.9848
3.8046 10.1 21.5771 0.9722 0 -0.1736 0 -0.9848
10.955 10.1 18.9746 0.9167 0 -0.5 0 -0.866
10.955 0.1 18.9746 0.9167 0 -0.5 0 -0.866
3.8046 0.1 21.5771 0.9722 0 -0.1736 0 -0.9848
3.8046 0.1 21.5771 0.9722 0 -0.1736 0 -0.9848
3.8046 10.1 21.5771 0.9722 0 -0.1736 0 -0.9848
10.955 10.1 18.9746 0.9167 0 -0.5 0 -0.866
16.784 10.1 14.0834 0.8611 0 -0.766 0 -0.6428
16.784 0.1 14.0834 0.8611 0 -0.766 0 -0.6428
10.955 0.1 18.9746 0.9167 0 -0.5 0 -0.866
10.955 0.1 18.9746 0.9167 0 -0.5 0 -0.866
10.955 10.1 18.9746 0.9167 0 -0.5 0 -0.866
16.784 10.1 14.0834 0.8611 0 -0.766 0 -0.6428
20.5886 10.1 7.4936 0.8056 0 -0.9397 0 -0.342
20.5886 0.1 7.4936 0.8056 0 -0.9397 0 -0.342
16.784 0.1 14.0834 0.8611 0 -0.766 0 -0.6428
16.784 0.1 14.0834 0.8611 0 -0.766 0 -0.6428
16.784 10.1 14.0834 0.8611 0 -0.766 0 -0.6428
20.5886 10.1 7.4936 0.8056 0 -0.9397 0 -0.342
